	1000_908	1000	1293_1000	1293_1591	1591	908_1591	908	Phase	X	Y
1	1.38067	0.577347	0.571127	1.02295	0.322341	1.33564	0.421463	1	-19.55533	15.0501
2	1.17162	0.542986	0.682238	1.67304	0.221421	2.10827	0.470874	2	-18.550945	15.0501
3	1.13778	0.717689	0.49862	0.854428	0.418823	1.48385	0.634236	1	-17.54656	15.0501
4	1.24608	0.558173	0.788996	1.55114	0.283918	1.59194	0.455136	2	-16.542175	15.0501
5	1.31701	0.604135	0.70484	0.913911	0.465929	0.98627	0.461389	1	-15.537791	15.0501
6	1.35521	0.650355	0.409161	0.817841	0.325369	1.44593	0.478388	2	-14.533407	15.0501
7	1.36079	0.678635	0.709845	1.62742	0.296005	1.67004	0.500446	2	-13.529023	15.0501
8	1.46192	0.579522	0.496432	0.9239	0.31139	1.2809	0.396849	1	-12.524638	15.0501
9	1.21325	0.771209	0.552144	0.972121	0.43803	1.44506	0.634484	1	-11.520254	15.0501
10	1.31106	0.631346	0.763124	0.876502	0.549679	0.87839	0.480771	1	-10.515869	15.0501
11	1.10017	0.643227	0.913252	0.988965	0.593983	0.958029	0.578474	1	-8.5071011	15.0501
12	1.31982	0.653733	0.840571	1.23875	0.443601	1.09929	0.49273	1	-7.5027161	15.0501
13	1.44179	0.625696	0.494296	0.844605	0.366181	1.17878	0.437277	1	-6.498332	15.0501
14	1.43996	0.724656	0.588567	1.30729	0.326254	1.58841	0.503049	2	-5.4939475	15.0501
15	1.20314	0.598571	0.844901	1.66895	0.303025	1.62241	0.503326	2	-4.489563	15.0501
16	1.34386	0.814023	0.537256	1.30942	0.333994	1.72093	0.60005	2	-3.4851785	15.0501
17	1.24571	0.571012	0.56567	0.762862	0.423412	1.06286	0.456716	1	-2.480794	15.0501
18	1.41187	0.717424	0.565024	1.30067	0.311656	1.63863	0.509651	2	-1.4764097	15.0501
19	1.30636	0.664188	0.647769	1.202	0.357938	1.45179	0.507585	1	-0.47202519	15.0501
20	1.32512	0.571533	0.52014	1.24492	0.238792	1.86673	0.432428	2	0.53235924	15.0501
21	1.35125	0.62211	0.515903	0.895047	0.358583	1.22013	0.453252	1	1.5367436	15.0501
22	1.27787	0.660367	0.582785	1.1665	0.329919	1.51555	0.515991	2	2.5411282	15.0501
23	1.47401	0.700383	0.539147	0.706291	0.534637	0.885422	0.479429	1	3.5455124	15.0501
24	1.58541	0.717604	0.409691	1.21696	0.241583	1.92174	0.461405	2	4.5498972	15.0501
25	1.308	1.12487	0.541124	1.17548	0.517826	1.70386	0.857849	2	5.5542812	15.0501
26	1.34159	0.940206	0.492114	1.20092	0.385279	1.77519	0.704507	2	6.5586658	15.0501
27	1.31954	0.839126	0.801425	1.19287	0.563765	1.11637	0.632271	1	7.5630503	15.0501
28	1.0328	0.584991	0.691334	1.02553	0.394356	1.50589	0.570046	1	8.5674343	15.0501
29	1.30348	0.800784	0.603679	1.29693	0.37274	1.64564	0.607675	2	9.5718193	15.0501
30	1.22439	0.774022	0.684384	1.03428	0.512169	1.23856	0.637622	1	10.576203	15.0501
31	1.12354	0.774244	0.575374	1.45428	0.306323	2.24654	0.683027	2	11.580588	15.0501
32	1.29816	0.771727	0.546464	0.903885	0.466565	1.28983	0.602945	1	12.584972	15.0501
33	1.1823	0.491619	0.603714	1.39058	0.213434	1.91107	0.420975	2	13.589356	15.0501
34	1.25354	0.737115	0.52262	1.41707	0.27185	2.07858	0.579807	2	14.593741	15.0501
35	1.3581	0.716541	0.585661	0.893358	0.469745	1.11651	0.530396	1	15.598125	15.0501
36	1.41386	0.669211	0.519425	1.11992	0.310385	1.55251	0.474071	2	16.60251	15.0501
37	1.21291	0.678644	0.582622	1.05903	0.373353	1.50588	0.563535	1	17.606895	15.0501
38	1.18084	0.689359	0.667878	0.945246	0.487077	1.22314	0.590724	1	18.611279	15.0501
39	1.28404	0.707923	0.616521	1.37605	0.317176	1.70856	0.548277	2	-19.55533	14.0228
40	1.47084	0.630637	0.483696	0.881109	0.346197	1.2827	0.441823	1	-18.550945	14.0228
41	1.7508	0.792161	0.522864	1.02315	0.404821	1.11829	0.454354	1	-17.54656	14.0228
42	1.45968	0.653792	0.602373	1.26247	0.311949	1.4548	0.44929	2	-16.542175	14.0228
43	1.12166	0.544215	0.464296	0.764701	0.330426	1.51975	0.482007	1	-15.537791	14.0228
44	1.33014	0.647745	0.524782	1.3205	0.257421	1.95387	0.48885	2	-14.533407	14.0228
45	1.32854	0.74066	0.717189	1.42449	0.372901	1.49353	0.570986	2	-13.529023	14.0228
46	1.17016	0.72283	0.715619	1.39156	0.37172	1.66413	0.617728	2	-12.524638	14.0228
47	1.52869	0.783445	0.581842	1.05056	0.433904	1.16826	0.514271	1	-11.520254	14.0228
48	1.23585	0.641625	0.662308	0.841643	0.504909	1.0373	0.52934	1	-10.515869	14.0228
49	1.30002	0.67173	0.690705	1.30649	0.355125	1.43459	0.520854	2	-9.5114851	14.0228
50	1.26517	0.681613	0.591535	0.970006	0.415665	1.24571	0.535705	1	-8.5071011	14.0228
51	1.32581	0.737603	0.688873	1.317	0.385813	1.4538	0.557332	1	-7.5027161	14.0228
52	1.54046	0.599237	0.532218	0.665409	0.479292	0.823134	0.399417	1	-6.498332	14.0228
53	1.18319	0.506091	0.700426	1.40006	0.253189	1.75658	0.436137	2	-5.4939475	14.0228
54	1.31861	0.755683	0.681547	1.3235	0.389145	1.48035	0.569156	2	-4.489563	14.0228
55	1.28693	0.720925	0.717107	1.12178	0.460858	1.21738	0.554823	1	-3.4851785	14.0228
56	1.15744	0.723759	0.639839	1.18891	0.389508	1.60502	0.622455	1	-2.480794	14.0228
57	1.33881	0.743406	0.491984	1.2208	0.299594	1.87865	0.563429	2	-1.4764097	14.0228
58	1.50887	0.772065	0.605539	1.16556	0.401109	1.2338	0.504688	1	-0.47202519	14.0228
59	1.39596	0.885252	0.672028	1.43577	0.414352	1.54444	0.634234	2	0.53235924	14.0228
60	1.45809	0.595148	0.44866	1.13947	0.234337	1.77957	0.411072	2	1.5367436	14.0228
61	1.48804	0.636734	0.65369	0.90046	0.462238	0.938947	0.430236	1	2.5411282	14.0228
62	1.26519	0.577869	0.552885	1.85238	0.172478	2.76426	0.460601	2	3.5455124	14.0228
63	1.54869	0.522021	0.496581	0.89627	0.289227	1.18886	0.337356	2	4.5498972	14.0228
64	1.29409	0.663896	0.564783	0.983335	0.381312	1.36586	0.520505	1	5.5542812	14.0228
65	1.17376	0.656752	0.655822	1.07281	0.401482	1.38726	0.560987	1	6.5586658	14.0228
66	1.27995	0.7697	0.899227	1.06368	0.650697	0.929432	0.601385	3	7.5630503	14.0228
67	1.29838	0.569543	0.635135	0.85992	0.420663	1.08406	0.436834	1	8.5674343	14.0228
68	1.26852	0.751091	0.46949	1.20427	0.292817	2.03444	0.586227	2	9.5718193	14.0228
69	1.01924	0.931272	0.761481	0.997815	0.710699	1.29567	0.920063	3	10.576203	14.0228
70	1.39045	0.54946	0.588839	0.945812	0.34208	1.19711	0.397454	1	12.584972	14.0228
71	1.2389	0.619311	0.543682	0.782493	0.430302	1.17183	0.500664	1	13.589356	14.0228
72	1.36841	0.669033	0.999625	0.977818	0.683953	0.716449	0.493837	3	14.593741	14.0228
73	1.35422	0.676848	0.490896	1.20238	0.276336	1.82122	0.505518	2	15.598125	14.0228
74	1.39209	0.511555	0.636519	1.66354	0.195736	1.7822	0.371329	2	16.60251	14.0228
75	1.18071	0.673158	0.486909	0.784395	0.417859	1.37608	0.568037	1	17.606895	14.0228
76	1.09849	0.527952	0.696375	1.12088	0.328003	1.42516	0.481189	1	18.611279	14.0228
77	1.36226	0.766027	0.75185	1.14236	0.504166	1.08137	0.554933	1	-19.55533	12.9956
78	1.25768	0.506422	0.442162	0.929005	0.241033	1.73937	0.397013	2	-18.550945	12.9956
79	2.04138	0.558575	0.430648	0.919936	0.261485	1.08452	0.285644	2	-17.54656	12.9956
80	1.30289	0.578258	0.55982	0.966016	0.335108	1.31965	0.438978	1	-16.542175	12.9956
81	1.26758	0.623147	0.535046	0.75122	0.443828	1.13876	0.492794	1	-15.537791	12.9956
82	1.29	0.734982	0.511387	1.18813	0.316346	1.71434	0.568317	2	-14.533407	12.9956
83	1.52103	0.663705	0.487718	0.95626	0.338507	1.2708	0.439111	1	-13.529023	12.9956
84	1.42206	0.5942	0.628837	1.28494	0.290795	1.47293	0.419048	2	-12.524638	12.9956
85	1.53841	0.676998	0.557084	0.929816	0.405612	1.06488	0.438731	1	-11.520254	12.9956
86	1.36741	0.608909	0.674371	1.27659	0.321663	1.37219	0.444547	2	-10.515869	12.9956
87	1.54465	0.744006	0.641303	1.71929	0.277518	1.79185	0.492366	2	-9.5114851	12.9956
88	1.19402	0.698631	0.683978	1.22461	0.390205	1.50324	0.579734	1	-8.5071011	12.9956
89	1.66084	0.535968	0.536355	0.913567	0.314667	1.00152	0.321681	2	-7.5027161	12.9956
90	1.3812	0.618403	0.758476	1.17941	0.397693	1.11721	0.454583	1	-6.498332	12.9956
91	1.27466	0.836486	0.703066	1.6453	0.357445	1.81045	0.651101	2	-5.4939475	12.9956
92	1.38255	1.01816	0.6959	1.16587	0.607735	1.18929	0.730408	1	-4.489563	12.9956
93	1.44799	0.974519	0.350134	0.913001	0.373726	1.82779	0.669371	2	-3.4851785	12.9956
94	1.00723	1.16405	0.720569	1.00965	0.830762	1.40035	1.15428	3	-2.480794	12.9956
95	1.07905	0.895955	0.867428	1.1333	0.685762	1.21675	0.833329	3	-1.4764097	12.9956
96	1.31483	0.911347	0.610946	1.17921	0.472166	1.4473	0.693448	1	-0.47202519	12.9956
97	1.16956	1.04217	0.772421	1.15094	0.699424	1.27133	0.890654	1	0.53235924	12.9956
98	1.19518	0.742752	0.508723	0.767164	0.492535	1.27731	0.619272	1	1.5367436	12.9956
99	1.43984	0.747932	0.518856	1.16785	0.332293	1.55982	0.522461	2	2.5411282	12.9956
100	1.27836	0.645703	0.455049	0.917016	0.320416	1.55319	0.518041	1	3.5455124	12.9956
101	1.23824	0.585347	0.461145	0.764179	0.353229	1.34686	0.471918	1	4.5498972	12.9956
102	1.41772	0.652052	0.437455	1.10957	0.257075	1.83146	0.46003	2	5.5542812	12.9956
103	1.37397	0.677925	0.633656	1.01513	0.423171	1.15604	0.489736	1	6.5586658	12.9956
104	1.58832	0.602853	0.43304	1.04585	0.249614	1.57774	0.38592	2	7.5630503	12.9956
105	1.61574	0.641183	0.65599	1.51724	0.277221	1.42236	0.396637	2	8.5674343	12.9956
106	1.19521	1.00117	0.912895	1.58064	0.578227	1.43781	0.837414	1	9.5718193	12.9956
107	1.16691	0.742965	0.676917	1.14101	0.440774	1.41458	0.632417	1	10.576203	12.9956
108	1.2374	0.650177	0.65116	1.01682	0.416366	1.29496	0.523039	1	11.580588	12.9956
109	1.16692	0.648243	0.775417	0.834642	0.602245	0.918421	0.552482	1	12.584972	12.9956
110	1.45531	0.594888	0.388566	0.69074	0.334646	1.22826	0.409607	1	13.589356	12.9956
111	1.55623	0.599518	0.7074	1.49643	0.283407	1.37107	0.390565	2	14.593741	12.9956
112	2.05085	0.540504	0.508252	1.00543	0.273228	0.969621	0.270247	2	15.598125	12.9956
113	1.27785	0.528677	0.550904	1.36711	0.213042	1.9683	0.403701	2	16.60251	12.9956
114	1.89599	0.567981	0.470688	0.998328	0.26779	1.09705	0.30273	2	17.606895	12.9956
115	1.19518	0.699932	0.569457	0.926885	0.430022	1.37884	0.583647	1	18.611279	12.9956
116	1.4924	0.548505	0.506324	1.31899	0.210557	1.71443	0.369498	2	-19.55533	11.9684
117	1.32212	0.487081	0.525246	0.957234	0.267267	1.35521	0.369323	1	-18.550945	11.9684
118	1.26659	0.646698	0.628654	1.08434	0.374927	1.43197	0.517583	1	-17.54656	11.9684
119	1.57351	0.722828	0.552207	1.39002	0.287155	1.63168	0.469088	2	-16.542175	11.9684
120	1.49078	0.619595	0.404673	1.04847	0.239142	1.76094	0.436551	2	-15.537791	11.9684
121	1.55682	0.710215	0.506269	0.981732	0.366251	1.27704	0.469525	1	-14.533407	11.9684
122	1.40251	0.655586	0.727024	1.56312	0.30492	1.46519	0.462727	2	-13.529023	11.9684
123	1.12035	0.549585	0.602808	0.854837	0.387552	1.28429	0.493173	1	-12.524638	11.9684
124	1.25672	0.724344	0.54952	1.00925	0.394394	1.48444	0.57394	1	-11.520254	11.9684
125	1.47648	0.66979	0.470035	0.796701	0.39516	1.16178	0.455719	1	-10.515869	11.9684
126	1.42415	0.567556	0.404752	0.827157	0.277722	1.47266	0.402125	2	-9.5114851	11.9684
127	1.08349	0.592704	0.459869	1.03772	0.262658	1.96699	0.543922	2	-8.5071011	11.9684
128	1.63869	0.805704	0.674552	0.905733	0.600054	0.815265	0.497173	3	-7.5027161	11.9684
129	1.32175	0.699368	0.49658	0.883521	0.393078	1.34278	0.52936	1	-6.498332	11.9684
130	1.34513	0.848316	0.735041	1.16599	0.534778	1.20543	0.638661	1	-5.4939475	11.9684
131	1.04748	0.990016	0.829256	1.0081	0.814378	1.15566	0.939471	3	-4.489563	11.9684
132	1.13812	1.16862	0.751085	1.00718	0.871468	1.17757	1.02385	3	-3.4851785	11.9684
133	1.41956	1.6191	0.746699	1.13146	1.06851	1.06921	1.14572	3	-2.480794	11.9684
134	1.22763	1.11328	0.713969	0.883441	0.899716	0.978122	0.897866	3	-1.4764097	11.9684
135	1.44148	1.22119	0.676282	0.890732	0.927177	0.900032	0.846907	3	-0.47202519	11.9684
136	1.34243	0.890932	0.620268	0.995376	0.555184	1.2367	0.676858	1	0.53235924	11.9684
137	1.40262	0.593202	0.588142	1.06982	0.326118	1.3342	0.426061	1	1.5367436	11.9684
138	1.26338	0.583287	0.780685	1.61757	0.281511	1.57764	0.460243	2	2.5411282	11.9684
139	1.77905	0.587674	0.445836	1.39888	0.187297	1.88741	0.340435	2	3.5455124	11.9684
140	1.67658	0.531258	0.480782	0.8872	0.287894	1.11531	0.315535	2	4.5498972	11.9684
141	1.19011	0.759871	0.851546	1.37658	0.470052	1.28564	0.630942	1	5.5542812	11.9684
142	1.80027	0.574971	0.351271	0.907799	0.222483	1.42936	0.326077	2	6.5586658	11.9684
143	1.20124	0.704291	0.742022	1.50514	0.347211	1.6581	0.584862	2	7.5630503	11.9684
144	1.36019	0.487904	0.49386	1.15686	0.208285	1.7702	0.356118	2	8.5674343	11.9684
145	1.04431	1.0348	0.970745	1.31888	0.761648	1.33032	1.00451	3	9.5718193	11.9684
146	1.0887	1.31578	1.09577	1.23479	1.16765	1.02301	1.19538	3	10.576203	11.9684
147	1.1185	0.834656	0.465269	0.957321	0.405652	1.86559	0.764679	2	11.580588	11.9684
148	1.1936	0.581207	0.695318	1.06227	0.380434	1.28683	0.491053	1	12.584972	11.9684
149	1.47356	0.689577	0.653046	1.14367	0.393756	1.19581	0.46363	1	13.589356	11.9684
150	1.2081	0.600697	0.491468	0.869969	0.339349	1.53107	0.502927	2	14.593741	11.9684
151	1.29432	0.606662	0.66383	0.924831	0.435453	1.08105	0.471184	1	15.598125	11.9684
152	1.20628	0.551013	0.479336	0.828686	0.318722	1.46529	0.458885	1	16.60251	11.9684
153	1.3625	0.566552	0.622932	0.777541	0.453897	0.948497	0.427451	1	17.606895	11.9684
154	1.67152	0.614777	0.663311	0.942949	0.432461	0.843498	0.367459	1	18.611279	11.9684
155	1.27391	0.597631	0.849684	1.0904	0.465697	1.00402	0.466403	1	-19.55533	10.9412
156	1.41355	0.577408	0.9039	1.31467	0.396998	1.06655	0.421073	1	-18.550945	10.9412
157	1.19823	0.572291	0.56882	0.923087	0.352654	1.36961	0.476923	1	-17.54656	10.9412
158	1.35973	0.507685	0.502309	1.32029	0.193151	1.86139	0.383828	2	-16.542175	10.9412
159	1.47579	0.630111	0.516116	0.845248	0.384751	1.13279	0.431763	1	-15.537791	10.9412
160	1.07516	0.529471	0.673824	0.973392	0.366522	1.33141	0.49669	1	-14.533407	10.9412
161	1.57724	0.668816	0.459872	1.2312	0.249813	1.81647	0.429732	2	-13.529023	10.9412
162	1.2695	0.659287	0.605469	0.919209	0.434263	1.22452	0.528845	1	-12.524638	10.9412
163	1.42428	0.5351	0.416612	0.902277	0.247074	1.50012	0.376068	2	-11.520254	10.9412
164	1.69234	0.790777	0.793881	1.06076	0.591826	0.804528	0.459798	3	-10.515869	10.9412
165	1.19707	1.08537	0.830154	0.863139	1.04389	0.871143	0.905332	3	-9.5114851	10.9412
166	1.30427	0.963905	0.894182	1.08717	0.792801	0.926215	0.730055	3	-8.5071011	10.9412
167	1.38833	0.830765	0.728755	1.12009	0.540512	1.11263	0.591506	1	-7.5027161	10.9412
168	1.26898	0.620938	0.668307	0.885015	0.468893	1.02803	0.489307	1	-6.498332	10.9412
169	1.14149	0.712399	0.748113	1.0603	0.502643	1.22999	0.623436	1	-5.4939475	10.9412
170	1.30107	0.913902	0.464801	0.889676	0.477458	1.48359	0.716687	1	-4.489563	10.9412
171	1.32477	1.6357	0.591244	0.789589	1.22481	1.04865	1.25063	3	-2.480794	10.9412
172	1.46662	1.4584	0.745819	0.869788	1.25054	0.798277	0.985075	3	-1.4764097	10.9412
173	1.37263	1.35036	0.863579	1.0578	1.10242	0.900646	0.985705	3	-0.47202519	10.9412
174	1.19799	1.30871	0.93358	0.832533	1.46755	0.760458	1.09767	3	0.53235924	10.9412
175	1.31861	0.952076	0.652058	1.05422	0.588878	1.26126	0.721288	1	1.5367436	10.9412
176	1.2845	0.812933	0.817008	1.14344	0.580855	1.08308	0.635703	1	2.5411282	10.9412
177	1.16878	1.07807	0.730153	1.39973	0.562362	1.61304	0.920234	1	3.5455124	10.9412
178	1.11981	0.686272	0.985491	1.65972	0.407488	1.49064	0.613805	1	4.5498972	10.9412
179	1.22528	0.62659	0.492831	1.01206	0.305122	1.68823	0.511101	2	5.5542812	10.9412
180	1.41591	0.646731	0.652119	1.09801	0.3841	1.16465	0.458079	1	6.5586658	10.9412
181	1.69517	0.563156	0.728928	1.36278	0.301223	1.17238	0.340093	2	7.5630503	10.9412
182	1.46249	0.59935	0.593215	1.61395	0.220293	1.8559	0.409767	2	8.5674343	10.9412
183	1.39937	1.15054	0.755681	1.12912	0.770014	1.04378	0.807828	3	9.5718193	10.9412
184	1.20583	1.72427	0.817138	1.01352	1.39018	1.01931	1.41219	3	10.576203	10.9412
185	1.38824	1.38173	0.825158	1.13421	1.00523	1.00064	0.995212	3	11.580588	10.9412
186	1.31758	0.650099	0.773614	1.42905	0.351929	1.37718	0.485617	2	12.584972	10.9412
187	1.24976	0.662398	0.790538	0.994635	0.526476	1.00654	0.536496	1	13.589356	10.9412
188	1.43153	0.655934	0.627752	1.16259	0.354179	1.3189	0.469704	1	14.593741	10.9412
189	1.26799	0.65185	0.588057	1.00539	0.381269	1.38557	0.520775	1	15.598125	10.9412
190	1.44565	0.692761	0.651476	0.961704	0.469289	1.02201	0.478024	1	16.60251	10.9412
191	1.3589	0.643719	0.868654	1.34253	0.416505	1.14564	0.475954	1	17.606895	10.9412
192	1.39267	0.569697	0.656767	0.998063	0.374885	1.0975	0.409109	1	18.611279	10.9412
193	1.40742	0.631155	0.314046	0.574827	0.34482	1.30326	0.455592	1	-19.55533	9.91393
194	1.15086	0.666508	0.483201	1.14176	0.28207	2.04039	0.5761	2	-18.550945	9.91393
195	1.69874	0.707386	0.519815	1.0546	0.348674	1.17133	0.417166	1	-17.54656	9.91393
196	1.38643	0.522341	0.668402	0.960154	0.363623	1.04101	0.372366	1	-16.542175	9.91393
197	1.41799	0.553443	0.581949	0.962785	0.334525	1.16538	0.391952	1	-15.537791	9.91393
198	1.61104	0.690736	0.603521	1.25279	0.332755	1.25231	0.431753	2	-14.533407	9.91393
199	1.5034	0.551953	0.389225	0.808618	0.26568	1.43264	0.372207	2	-13.529023	9.91393
200	1.37394	0.505642	0.496283	1.26362	0.19859	1.80297	0.363686	2	-12.524638	9.91393
201	1.31667	1.07496	0.549391	0.89366	0.660848	1.21978	0.807729	1	-11.520254	9.91393
202	1.74204	2.06503	0.90538	0.766299	2.43982	0.497858	1.18642	4	-10.515869	9.91393
203	1.57198	2.6267	1.0483	0.857862	3.20981	0.528552	1.64989	4	-9.5114851	9.91393
204	1.73251	1.91305	1.01139	0.878118	2.20341	0.508216	1.09236	4	-8.5071011	9.91393
205	1.49202	1.69081	0.881212	0.88561	1.68241	0.692332	1.13305	3	-7.5027161	9.91393
206	1.37613	1.649	0.871722	0.94127	1.52716	0.798928	1.20188	3	-6.498332	9.91393
207	1.08266	1.19642	0.793435	0.840617	1.12927	1.00211	1.10955	3	-5.4939475	9.91393
208	1.1682	1.86589	0.727853	0.828964	1.6383	0.999021	1.60055	3	-4.489563	9.91393
209	1.22732	2.43529	0.866029	0.826655	2.55128	0.785918	1.97361	4	-2.480794	9.91393
210	1.4514	2.27894	0.805888	0.999999	1.83657	0.872126	1.56391	3	-1.4764097	9.91393
211	1.52962	2.5519	0.840752	0.726848	2.95181	0.568092	1.65316	4	-0.47202519	9.91393
212	1.52651	2.30633	0.687877	0.833214	1.90404	0.815505	1.50244	3	0.53235924	9.91393
213	1.88579	1.72321	0.86553	0.914014	1.63181	0.57655	0.91324	3	1.5367436	9.91393
214	1.40067	1.18785	0.917842	1.07517	1.01403	0.834822	0.835732	3	2.5411282	9.91393
215	1.3535	0.926318	0.724619	0.927365	0.723801	0.976105	0.697784	3	3.5455124	9.91393
216	1.14352	0.577706	0.678033	1.20502	0.325059	1.53138	0.494109	2	4.5498972	9.91393
217	1.31385	0.71042	0.80834	1.02861	0.55829	0.973931	0.541357	1	5.5542812	9.91393
218	1.46372	0.656472	0.446747	1.15031	0.254955	1.78075	0.451903	2	6.5586658	9.91393
219	1.03847	0.974698	0.879683	1.21976	0.702946	1.35307	0.935781	3	7.5630503	9.91393
220	1.4021	1.58359	0.665767	0.879384	1.19891	0.942902	1.11787	3	8.5674343	9.91393
221	1.7543	2.21526	0.863862	0.950695	2.01293	0.639936	1.2469	3	9.5718193	9.91393
222	1.39262	2.47514	0.830894	1.05528	1.94885	0.902747	1.74462	3	10.576203	9.91393
223	1.71094	1.98652	0.69691	0.829629	1.66873	0.699082	1.13655	3	11.580588	9.91393
224	1.76764	1.46277	0.724788	0.943199	1.12404	0.733143	0.818616	3	12.584972	9.91393
225	1.60529	0.940921	0.823569	0.929331	0.833841	0.691541	0.576932	3	13.589356	9.91393
226	1.37985	0.62604	0.594185	0.923639	0.402737	1.11862	0.452715	1	14.593741	9.91393
227	1.13594	0.647208	0.609574	0.838711	0.47039	1.21359	0.5667	1	15.598125	9.91393
228	1.44697	0.579835	0.539717	0.911424	0.343361	1.19409	0.407797	1	16.60251	9.91393
229	1.17419	0.690026	0.303822	0.657511	0.318847	1.91027	0.597386	2	17.606895	9.91393
230	1.31089	1.03416	0.75815	1.23696	0.633852	1.21224	0.785279	1	18.611279	9.91393
231	1.87808	0.576831	0.471049	1.28953	0.210709	1.46728	0.31653	2	-19.55533	8.8867
232	1.17832	0.658285	0.692688	0.94797	0.481014	1.1716	0.557001	1	-18.550945	8.8867
233	1.32564	0.682783	0.562853	0.833596	0.461023	1.15275	0.519303	1	-17.54656	8.8867
234	1.16644	0.563083	0.736896	1.043	0.397827	1.21467	0.488837	1	-16.542175	8.8867
235	1.43738	0.529859	0.574384	1.13232	0.268778	1.32637	0.369504	2	-15.537791	8.8867
236	1.22635	0.649931	0.710433	0.87678	0.526623	1.00314	0.529522	1	-14.533407	8.8867
237	1.39909	0.57419	0.475463	0.805017	0.339131	1.23963	0.420306	1	-13.529023	8.8867
238	1.42174	0.656071	0.700337	1.26459	0.363335	1.2936	0.458086	1	-12.524638	8.8867
239	2.14939	1.09085	0.842564	0.699521	1.31391	0.398154	0.504525	3	-11.520254	8.8867
240	1.93858	2.78686	0.986909	0.727172	3.7823	0.388933	1.42349	4	-10.515869	8.8867
241	1.87312	2.84136	0.864563	0.702231	3.49818	0.444723	1.51665	4	-9.5114851	8.8867
242	2.29564	2.36545	0.953647	0.808179	2.79122	0.381276	1.02922	4	-8.5071011	8.8867
243	1.9147	2.76066	0.912933	0.814654	3.0937	0.483687	1.45026	4	-7.5027161	8.8867
244	1.20475	2.548	0.802832	0.716207	2.85618	0.748924	2.10624	4	-5.4939475	8.8867
245	1.81552	2.57037	0.940769	0.87717	2.75673	0.516567	1.3921	4	-2.480794	8.8867
246	1.68762	2.77907	0.828589	0.797114	2.8888	0.593063	1.64934	4	-1.4764097	8.8867
247	1.7664	3.0016	0.746308	0.882524	2.53831	0.68883	1.69844	3	-0.47202519	8.8867
248	1.78252	2.54529	1.00449	0.871693	2.93306	0.503115	1.42807	4	0.53235924	8.8867
249	1.41131	2.45532	0.808906	0.752462	2.6395	0.663186	1.73001	4	1.5367436	8.8867
250	1.28164	2.27333	0.98167	1.00887	2.21203	0.821409	1.7771	3	2.5411282	8.8867
251	1.1876	1.58205	0.948007	0.936801	1.60098	0.831199	1.32594	3	3.5455124	8.8867
252	1.46495	1.08635	0.867591	0.97996	0.961782	0.784269	0.742462	3	4.5498972	8.8867
253	1.16157	0.843629	0.800716	1.33152	0.507319	1.4242	0.731085	1	5.5542812	8.8867
254	1.64207	1.21096	0.739355	1.14405	0.782602	0.97353	0.737544	3	6.5586658	8.8867
255	1.51987	1.91551	0.812524	1.0222	1.52259	0.824147	1.24344	3	7.5630503	8.8867
256	1.71787	2.42212	0.815826	1.19806	1.64936	0.883156	1.4023	3	8.5674343	8.8867
257	1.96401	2.20074	0.795181	1.03797	1.68597	0.675815	1.11983	3	9.5718193	8.8867
258	1.94333	2.17778	0.836823	1.13057	1.61195	0.711236	1.11513	3	10.576203	8.8867
259	2.03959	1.73489	0.76082	0.946401	1.39469	0.617425	0.839739	3	11.580588	8.8867
260	2.04954	2.0522	0.721226	0.863918	1.71324	0.593639	0.992634	3	12.584972	8.8867
261	1.59179	1.10273	0.679305	0.740086	1.01217	0.698265	0.695661	3	13.589356	8.8867
262	1.36553	0.525139	1.00283	1.09974	0.478865	0.832084	0.393505	3	14.593741	8.8867
263	1.13081	0.527435	0.726679	0.816653	0.469325	1.00359	0.463663	1	15.598125	8.8867
264	1.48014	0.643786	0.446858	1.06858	0.269219	1.6263	0.432795	2	16.60251	8.8867
265	1.25304	0.756171	0.838368	1.23817	0.512005	1.17776	0.615118	1	17.606895	8.8867
266	1.14897	0.570465	0.597536	0.96787	0.352189	1.40496	0.501132	1	18.611279	8.8867
267	1.33805	0.46672	0.615447	1.64985	0.174102	1.85242	0.343612	2	-19.55533	7.85948
268	1.15912	0.550223	0.683925	1.21248	0.310366	1.57887	0.488838	2	-18.550945	7.85948
269	1.52372	0.7	0.426542	0.798241	0.374046	1.19856	0.460759	1	-17.54656	7.85948
270	1.4368	0.665964	0.695109	1.20722	0.383456	1.2479	0.47217	1	-16.542175	7.85948
271	1.22004	0.625507	0.715342	1.10403	0.405288	1.28602	0.509219	1	-15.537791	7.85948
272	1.47328	0.673597	0.625463	1.13921	0.369827	1.21408	0.461732	1	-14.533407	7.85948
273	1.41311	0.613571	0.461066	0.89501	0.316083	1.34733	0.445396	1	-13.529023	7.85948
274	1.40325	0.613912	0.463986	0.730215	0.390086	1.12614	0.439644	1	-12.524638	7.85948
275	2.48002	1.84121	0.827132	0.558642	2.72612	0.272601	0.719337	4	-11.520254	7.85948
276	2.1724	2.42646	0.901877	0.705334	3.1026	0.365608	1.09616	4	-9.5114851	7.85948
277	1.84078	2.5801	1.07575	0.892281	3.11061	0.456244	1.37905	4	-8.5071011	7.85948
278	2.21181	2.60016	0.83326	0.659729	3.2841	0.369199	1.17185	4	-7.5027161	7.85948
279	1.73383	2.64201	0.966701	0.786828	3.24599	0.478759	1.51062	4	-6.498332	7.85948
280	1.66431	2.59016	0.990711	0.818573	3.13484	0.508403	1.5483	4	-5.4939475	7.85948
281	1.69797	2.55936	0.885777	0.784854	2.88847	0.529368	1.48842	4	-4.489563	7.85948
282	1.99989	2.56581	0.925068	0.759507	3.12512	0.418535	1.27039	4	-3.4851785	7.85948
283	1.9211	2.75146	0.855318	0.809814	2.90606	0.500374	1.41532	4	-2.480794	7.85948
284	2.09089	2.81057	0.766155	0.762084	2.82558	0.488944	1.34234	4	-1.4764097	7.85948
285	1.82049	2.65429	0.962521	0.838143	3.04818	0.493344	1.45621	4	-0.47202519	7.85948
286	2.0239	2.52135	0.937208	0.821413	2.87679	0.446627	1.24836	4	0.53235924	7.85948
287	1.43467	2.20133	0.972259	0.865815	2.47197	0.637747	1.52921	4	1.5367436	7.85948
288	1.35271	2.32144	1.03236	0.912498	2.62638	0.650079	1.67871	4	2.5411282	7.85948
289	1.38833	2.25601	0.831371	1.05563	1.77674	0.922374	1.59663	3	3.5455124	7.85948
290	1.21733	1.82643	0.839139	1.04944	1.46042	1.02366	1.47875	3	4.5498972	7.85948
291	1.36433	1.61468	0.804655	0.720884	1.80231	0.654061	1.16309	3	5.5542812	7.85948
292	1.35124	2.23244	0.84419	1.03271	1.82491	0.905808	1.63805	3	6.5586658	7.85948
293	1.97483	2.07281	0.76177	0.950929	1.66048	0.657928	1.06639	3	8.5674343	7.85948
294	1.87794	1.84921	0.739677	0.839054	1.63019	0.62391	0.979445	3	9.5718193	7.85948
295	1.82032	2.01057	0.913751	1.01775	1.80512	0.625583	1.10668	3	10.576203	7.85948
296	2.08346	1.94053	0.802856	1.02036	1.52688	0.614418	0.915082	3	11.580588	7.85948
297	1.7817	1.85891	0.856406	0.902679	1.76362	0.606822	1.03844	3	12.584972	7.85948
298	1.90616	1.15825	0.854142	0.778068	1.27149	0.485697	0.603283	3	13.589356	7.85948
299	1.47299	0.653787	0.829548	0.86126	0.629714	0.727475	0.443869	3	14.593741	7.85948
300	1.41506	0.487163	0.611713	1.38985	0.214414	1.61325	0.350964	2	15.598125	7.85948
301	1.18058	0.50552	0.601576	0.768696	0.395616	1.08163	0.429326	1	16.60251	7.85948
302	1.22318	0.696386	0.540626	1.05236	0.357754	1.60072	0.566431	2	17.606895	7.85948
303	1.01346	0.493607	0.660294	1.39807	0.233124	1.9848	0.490974	2	18.611279	7.85948
304	1.61668	0.549424	0.67008	1.24067	0.296742	1.13415	0.343025	2	-19.55533	6.83225
305	1.524	0.663661	0.327518	0.997141	0.217984	2.02445	0.442697	2	-18.550945	6.83225
306	1.42519	0.546472	0.41447	1.01816	0.222457	1.76889	0.386787	2	-17.54656	6.83225
307	1.54176	0.758768	0.515266	0.878111	0.445236	1.11357	0.493794	1	-16.542175	6.83225
308	1.59666	0.637613	0.304998	0.605239	0.321313	1.27299	0.406868	2	-15.537791	6.83225
309	1.09992	0.674255	0.780053	1.30602	0.402717	1.50747	0.612448	1	-14.533407	6.83225
310	1.22487	0.649187	0.669704	0.834522	0.520972	1.03425	0.533785	1	-13.529023	6.83225
311	1.91579	0.71418	0.556036	1.12003	0.354554	1.0689	0.379921	2	-12.524638	6.83225
312	2.0786	2.45877	0.869995	0.609715	3.50838	0.345653	1.17761	4	-11.520254	6.83225
313	2.29884	2.59313	0.928075	0.756341	3.18193	0.366046	1.12473	4	-10.515869	6.83225
314	2.20354	2.64032	0.99357	0.706263	3.71439	0.331282	1.19235	4	-9.5114851	6.83225
315	2.59243	2.20354	0.92924	0.758132	2.70087	0.330255	0.855736	4	-8.5071011	6.83225
316	2.45534	2.24906	1.0551	0.705211	3.36492	0.278097	0.902767	4	-7.5027161	6.83225
317	2.2547	2.49504	0.963981	0.701018	3.43096	0.329592	1.10082	4	-6.498332	6.83225
318	2.03994	2.29915	0.915768	0.788031	2.67183	0.427682	1.10716	4	-5.4939475	6.83225
319	2.34734	2.05546	1.10219	0.840022	2.69697	0.330843	0.861857	4	-4.489563	6.83225
320	1.94815	2.53427	0.888816	0.837326	2.69011	0.497233	1.29477	4	-3.4851785	6.83225
321	2.01871	2.35309	0.912382	0.879899	2.43996	0.481838	1.1445	4	-2.480794	6.83225
322	1.68682	2.51401	0.864179	0.81556	2.66389	0.566653	1.48098	4	-1.4764097	6.83225
323	1.82947	2.56637	0.83012	0.863849	2.46616	0.581717	1.39519	4	-0.47202519	6.83225
324	1.77476	2.57883	0.929495	0.766834	3.12586	0.47427	1.44678	4	0.53235924	6.83225
325	1.66919	2.31547	0.954939	0.826229	2.67618	0.522946	1.36408	4	1.5367436	6.83225
326	1.63386	2.08653	0.850129	0.872962	2.03196	0.629759	1.26236	3	2.5411282	6.83225
327	1.53813	2.45957	0.835845	0.967309	2.1253	0.77102	1.59146	3	3.5455124	6.83225
328	1.34305	1.86782	0.92881	1.03348	1.67865	0.835952	1.38402	3	4.5498972	6.83225
329	1.42271	2.39139	0.789388	0.82236	2.29551	0.75328	1.68254	3	5.5542812	6.83225
330	1.5083	2.63261	0.768809	0.918851	2.20272	0.802689	1.73307	3	6.5586658	6.83225
331	1.77051	2.18387	0.875623	1.06214	1.80038	0.701971	1.22771	3	7.5630503	6.83225
332	1.6109	1.99848	0.981787	1.00659	1.94923	0.643056	1.22683	3	8.5674343	6.83225
333	1.80505	2.28065	0.801181	1.01142	1.80657	0.715692	1.25493	3	9.5718193	6.83225
334	1.81729	1.94154	0.836899	1.17238	1.38596	0.792378	1.06406	3	10.576203	6.83225
335	1.96934	1.53596	0.938398	1.03429	1.39356	0.568902	0.773103	3	11.580588	6.83225
336	1.71518	1.88934	0.814153	0.862014	1.78444	0.636068	1.10049	3	12.584972	6.83225
337	1.61624	1.66384	0.816311	0.72095	1.88392	0.551948	1.01823	3	13.589356	6.83225
338	1.53813	0.833424	0.765434	0.974602	0.654556	0.844183	0.534859	3	14.593741	6.83225
339	1.35688	0.642486	0.509702	1.52586	0.214619	2.25424	0.47445	2	15.598125	6.83225
340	1.47248	0.483852	0.448648	0.853787	0.254255	1.26475	0.331836	1	16.60251	6.83225
341	1.47132	0.464742	0.759258	1.24617	0.283155	1.19628	0.321369	1	17.606895	6.83225
342	1.47125	0.467938	0.708459	1.34308	0.246832	1.278	0.320521	2	18.611279	6.83225
343	1.20725	0.512936	0.531616	0.934579	0.291773	1.51445	0.425076	2	-19.55533	5.80502
344	1.16381	0.566393	0.404151	0.786074	0.291205	1.70892	0.494575	2	-18.550945	5.80502
345	1.19549	0.509262	0.579986	0.872607	0.338486	1.2858	0.426842	1	-17.54656	5.80502
346	1.33219	0.605768	0.555019	1.35967	0.247276	1.81869	0.465626	2	-16.542175	5.80502
347	1.3731	0.84234	0.865854	0.774688	0.941468	0.655057	0.621358	3	-15.537791	5.80502
348	1.4626	0.592355	0.731695	1.55053	0.279532	1.53326	0.416079	2	-14.533407	5.80502
349	1.10274	0.573328	0.678666	1.5087	0.257903	2.01348	0.529834	2	-13.529023	5.80502
350	1.7854	0.613979	0.439166	1.04616	0.257742	1.42263	0.347731	2	-12.524638	5.80502
351	1.44291	2.61954	0.883633	0.728069	3.17926	0.582392	1.8016	4	-11.520254	5.80502
352	1.92112	3.07184	0.90031	0.692409	3.99418	0.405628	1.57412	4	-10.515869	5.80502
353	2.32411	2.43357	0.963761	0.74321	3.15574	0.340062	1.03813	4	-9.5114851	5.80502
354	2.58006	2.11711	0.896937	0.694154	2.73557	0.305603	0.812747	4	-8.5071011	5.80502
355	1.94634	2.32651	0.864636	0.669327	3.00539	0.406045	1.18367	4	-7.5027161	5.80502
356	2.55089	2.14484	0.947623	0.777224	2.61508	0.323975	0.817448	4	-6.498332	5.80502
357	2.24988	2.07527	0.926201	0.685613	2.80351	0.338927	0.918157	4	-5.4939475	5.80502
358	2.12883	2.29687	0.975501	0.782587	2.86307	0.385124	1.06202	4	-4.489563	5.80502
359	2.00165	2.20686	0.972404	0.756133	2.83807	0.404569	1.10851	4	-3.4851785	5.80502
360	2.21462	2.55983	0.822825	0.734783	2.86655	0.416642	1.15898	4	-2.480794	5.80502
361	1.72972	2.70791	0.76853	0.944552	2.20328	0.726216	1.56392	3	-1.4764097	5.80502
362	1.64646	2.81153	0.870712	0.897603	2.7273	0.643451	1.71477	4	-0.47202519	5.80502
363	1.63721	2.43638	0.792632	0.931655	2.07282	0.735433	1.48127	3	0.53235924	5.80502
364	1.52085	2.43992	0.941855	1.02905	2.23317	0.744138	1.61175	3	1.5367436	5.80502
365	1.37319	1.96158	0.994329	0.888529	2.19515	0.663076	1.42133	3	2.5411282	5.80502
366	1.47424	2.13726	0.947706	1.055	1.9199	0.76868	1.45183	3	3.5455124	5.80502
367	1.59384	1.88165	0.870825	1.13361	1.44546	0.823358	1.16336	3	4.5498972	5.80502
368	1.61986	2.24139	0.787913	0.93745	1.88386	0.736458	1.35686	3	5.5542812	5.80502
369	2.29678	1.8692	0.848825	1.01857	1.55769	0.528671	0.799082	3	6.5586658	5.80502
370	1.95181	1.68115	0.892048	0.964632	1.55465	0.575586	0.856844	3	7.5630503	5.80502
371	2.00562	1.97134	0.788174	0.981254	1.58344	0.627114	0.969674	3	8.5674343	5.80502
372	1.85681	2.00928	0.944675	1.15295	1.64632	0.6666	1.06713	3	9.5718193	5.80502
373	2.13742	1.5795	0.965545	1.08693	1.4031	0.534534	0.732145	3	10.576203	5.80502
374	1.66292	1.87413	0.760261	1.132	1.25868	0.909518	1.11274	3	11.580588	5.80502
375	2.28317	1.68439	0.940447	0.994029	1.59359	0.46381	0.721066	3	12.584972	5.80502
376	1.60363	1.377	0.983057	0.782929	1.72898	0.509201	0.857526	3	13.589356	5.80502
377	1.58074	0.960984	0.795824	1.04465	0.732089	0.836851	0.606278	3	14.593741	5.80502
378	1.18457	0.671671	0.539383	0.903861	0.400823	1.39522	0.562126	1	15.598125	5.80502
379	1.2944	0.449492	0.660914	0.904986	0.328265	1.05628	0.352595	1	16.60251	5.80502
380	1.41895	0.590403	0.670599	0.817481	0.484321	0.863658	0.411987	1	17.606895	5.80502
381	1.20319	0.60852	0.770999	1.21677	0.385586	1.31593	0.509103	1	18.611279	5.80502
382	1.15993	0.609699	0.370193	0.70295	0.321084	1.67773	0.532674	2	-19.55533	4.7778
383	1.3749	0.76344	0.425947	0.84066	0.386821	1.42993	0.559009	2	-18.550945	4.7778
384	1.21294	0.495674	0.292317	0.526371	0.27527	1.51589	0.410137	2	-17.54656	4.7778
385	1.23546	0.556581	0.579818	1.61155	0.200252	2.19644	0.459236	2	-16.542175	4.7778
386	1.392	0.478406	0.619283	1.20817	0.245221	1.42423	0.340477	2	-15.537791	4.7778
387	1.1377	0.540492	0.518843	0.982039	0.28556	1.67225	0.471942	2	-14.533407	4.7778
388	1.45998	0.514555	0.674656	1.28563	0.270022	1.29493	0.35824	2	-13.529023	4.7778
389	1.30937	0.610584	0.558841	1.04562	0.326332	1.38481	0.459723	1	-12.524638	4.7778
390	1.38489	2.79497	0.789223	0.757091	2.91359	0.714345	2.00391	4	-11.520254	4.7778
391	1.82406	2.88519	0.895767	0.682993	3.78401	0.420375	1.55789	4	-10.515869	4.7778
392	2.35412	2.13006	0.941096	0.749928	2.67304	0.34887	0.900191	4	-9.5114851	4.7778
393	2.16603	2.01463	0.873228	0.698362	2.51909	0.38464	0.941063	4	-8.5071011	4.7778
394	2.39655	2.03282	0.860244	0.716799	2.43963	0.357702	0.841617	4	-7.5027161	4.7778
395	2.0947	2.47908	1.05341	0.684199	3.81685	0.318362	1.18768	4	-6.498332	4.7778
396	2.59762	2.13508	0.820806	0.652067	2.68759	0.316372	0.82286	4	-5.4939475	4.7778
397	2.24523	2.15345	0.9259	0.773058	2.57921	0.379274	0.95107	4	-4.489563	4.7778
398	2.52984	2.33093	0.810901	0.763739	2.47487	0.383048	0.915196	4	-3.4851785	4.7778
399	2.26185	2.32504	0.822683	0.816198	2.34351	0.449362	1.02409	4	-2.480794	4.7778
400	1.7889	2.15974	1.18777	0.879476	2.91683	0.413719	1.18566	4	-1.4764097	4.7778
401	2.02692	2.53992	0.728996	0.894983	2.06885	0.613641	1.24188	3	-0.47202519	4.7778
402	1.60699	2.37991	0.903124	0.828009	2.59581	0.592908	1.48342	4	0.53235924	4.7778
403	1.42362	2.58525	1.1337	0.854315	3.43071	0.530421	1.79053	4	1.5367436	4.7778
404	1.64329	2.26897	0.825822	0.904966	2.07053	0.677291	1.36246	3	2.5411282	4.7778
405	1.83508	2.24997	0.837328	0.924792	2.03718	0.601586	1.20229	3	3.5455124	4.7778
406	1.92146	1.94816	0.844353	1.03552	1.58851	0.654087	1.00611	3	4.5498972	4.7778
407	2.09952	1.87733	0.876111	1.03541	1.5885	0.575735	0.893721	3	5.5542812	4.7778
408	2.00525	2.10768	0.874887	1.19963	1.53713	0.693689	1.05388	3	6.5586658	4.7778
409	1.95831	2.03622	0.911001	0.939402	1.97465	0.537939	1.03145	3	7.5630503	4.7778
410	2.28916	1.85474	0.796581	1.04081	1.41951	0.584678	0.812901	3	8.5674343	4.7778
411	2.02208	1.62943	0.861239	1.02743	1.36586	0.599564	0.795156	3	9.5718193	4.7778
412	2.34579	1.58449	0.894379	1.11402	1.2721	0.561416	0.685994	3	10.576203	4.7778
413	1.78602	1.66997	0.78044	0.97388	1.33827	0.708646	0.925871	3	11.580588	4.7778
414	1.87736	1.42781	0.952658	1.07668	1.26334	0.615649	0.754794	3	12.584972	4.7778
415	2.10832	1.25849	0.820207	0.935708	1.10315	0.561896	0.605826	3	13.589356	4.7778
416	1.43772	0.710156	0.958467	0.99702	0.682695	0.74656	0.497167	3	14.593741	4.7778
417	1.08364	0.504907	0.658653	0.678769	0.489943	0.921	0.462329	1	15.598125	4.7778
418	1.43916	0.576108	0.446648	0.952849	0.27005	1.48197	0.404803	2	16.60251	4.7778
419	1.38752	0.488649	0.579266	0.988156	0.286451	1.2828	0.361664	1	17.606895	4.7778
420	1.08261	0.61327	0.624036	0.885736	0.432073	1.32631	0.568751	1	18.611279	4.7778
421	1.31963	0.68651	0.486984	1.09413	0.305558	1.71694	0.524597	2	-19.55533	3.75057
422	1.22217	0.567464	0.465301	0.863367	0.305828	1.55048	0.472904	2	-18.550945	3.75057
423	1.36804	0.474744	0.572832	0.950091	0.286234	1.20734	0.342975	1	-17.54656	3.75057
424	1.40506	0.620857	0.547085	1.23895	0.274153	1.59882	0.446844	2	-16.542175	3.75057
425	1.2127	0.535007	0.744988	1.38776	0.287206	1.52854	0.434146	2	-15.537791	3.75057
426	1.50733	0.468864	0.731603	1.46298	0.234469	1.30091	0.311834	2	-14.533407	3.75057
427	1.63353	0.583159	0.360667	0.830484	0.253258	1.50392	0.360625	2	-13.529023	3.75057
428	1.40395	0.773694	0.645725	0.824123	0.606212	0.929965	0.551422	3	-12.524638	3.75057
429	2.31516	1.86023	0.881675	0.575778	2.84853	0.286879	0.795467	4	-11.520254	3.75057
430	2.24705	2.39407	0.885448	0.717898	2.95283	0.366835	1.05345	4	-10.515869	3.75057
431	2.22184	2.27758	0.924463	0.70697	2.97826	0.353625	1.01974	4	-9.5114851	3.75057
432	2.19058	2.44436	0.834849	0.730546	2.79336	0.40844	1.10097	4	-8.5071011	3.75057
433	2.52215	1.97697	0.956064	0.794589	2.37873	0.334323	0.767789	4	-7.5027161	3.75057
434	2.22016	2.22217	0.783373	0.761644	2.28557	0.447615	0.988189	4	-6.498332	3.75057
435	2.45553	2.18205	0.90708	0.837798	2.3625	0.385788	0.881124	4	-5.4939475	3.75057
436	2.1776	2.21037	0.863002	0.810983	2.35215	0.437732	1.00009	4	-4.489563	3.75057
437	2.2819	2.25877	0.88861	0.840571	2.38787	0.423717	0.977146	4	-3.4851785	3.75057
438	2.28923	2.24064	1.01425	0.908501	2.50144	0.401369	0.973576	4	-2.480794	3.75057
439	2.34096	2.36823	0.823094	0.863326	2.25786	0.467465	1.0075	4	-1.4764097	3.75057
440	1.92815	2.45443	0.78671	0.94128	2.05138	0.619014	1.25258	3	-0.47202519	3.75057
441	1.73043	2.31525	0.832243	0.97096	1.98448	0.693755	1.33117	3	0.53235924	3.75057
442	1.69622	2.49327	0.851777	0.889292	2.38809	0.617267	1.45341	4	2.5411282	3.75057
443	1.63692	2.45595	1.00673	1.01081	2.44602	0.623736	1.5012	4	3.5455124	3.75057
444	1.85256	2.30131	0.812754	0.991025	1.88734	0.671767	1.23379	3	4.5498972	3.75057
445	2.06303	1.93553	0.883744	0.890493	1.92086	0.493021	0.934953	4	5.5542812	3.75057
446	1.86685	1.84298	0.707287	0.808567	1.61213	0.623289	0.975443	3	6.5586658	3.75057
447	1.96751	1.89816	0.726457	1.14283	1.2066	0.819223	0.957607	3	7.5630503	3.75057
448	1.78894	2.13445	0.974074	0.809876	2.5672	0.466083	1.18447	4	8.5674343	3.75057
449	1.93221	1.61362	0.812735	1.26459	1.03705	0.823925	0.82805	3	9.5718193	3.75057
450	1.83919	1.55279	0.829673	1.17585	1.09564	0.768494	0.830569	3	10.576203	3.75057
451	2.0281	1.3534	0.980969	1.18231	1.12293	0.602479	0.666271	3	11.580588	3.75057
452	1.69832	1.48045	0.884371	0.985884	1.32802	0.670435	0.866292	3	12.584972	3.75057
453	2.04084	1.36665	0.60325	0.812946	1.01413	0.703431	0.680064	3	13.589356	3.75057
454	1.69711	0.686699	0.74908	0.911124	0.564569	0.735538	0.406027	3	14.593741	3.75057
455	1.1447	0.552063	0.749522	1.20476	0.343459	1.37553	0.484788	1	15.598125	3.75057
456	1.42003	0.450908	0.739433	1.57105	0.212225	1.52049	0.32065	2	16.60251	3.75057
457	1.54373	0.49942	0.850004	1.49519	0.283917	1.1236	0.325883	2	17.606895	3.75057
458	1.38678	0.637219	0.583602	1.36039	0.273364	1.7021	0.465025	2	18.611279	3.75057
459	1.54693	0.544239	0.663875	1.64232	0.219998	1.63614	0.357241	2	-19.55533	2.72334
460	1.27705	0.673819	0.431093	0.849427	0.34197	1.56383	0.522599	2	-18.550945	2.72334
461	1.28478	0.529213	0.557717	1.41554	0.208507	2.01033	0.415592	2	-17.54656	2.72334
462	1.13287	0.660204	0.621189	1.30635	0.313937	1.94005	0.589847	2	-16.542175	2.72334
463	1.31143	0.631807	0.379581	1.11803	0.214505	2.29208	0.494276	2	-15.537791	2.72334
464	1.96586	0.515499	0.267263	0.799293	0.17237	1.51911	0.262783	2	-14.533407	2.72334
465	1.1894	0.656294	0.52038	0.935776	0.364961	1.5713	0.570829	1	-13.529023	2.72334
466	1.41072	0.583323	0.472656	0.937329	0.294145	1.45426	0.418682	2	-12.524638	2.72334
467	2.05779	2.0291	0.937101	0.632671	3.00547	0.336897	0.981769	4	-11.520254	2.72334
468	2.34164	2.89772	0.892755	0.716089	3.61262	0.350482	1.22172	4	-10.515869	2.72334
469	1.95575	2.54481	0.963661	0.805745	3.04356	0.439708	1.30011	4	-9.5114851	2.72334
470	1.88567	2.39121	1.02548	0.764738	3.20649	0.403472	1.25632	4	-8.5071011	2.72334
471	1.90504	2.50844	0.870506	0.751773	2.90462	0.465031	1.30554	4	-7.5027161	2.72334
472	2.00645	2.24627	0.855429	0.747394	2.57097	0.453202	1.12182	4	-6.498332	2.72334
473	2.04097	2.37821	0.836447	0.856441	2.32269	0.516664	1.16131	4	-5.4939475	2.72334
474	2.43438	2.11626	0.726028	0.800115	1.9203	0.462836	0.859762	4	-4.489563	2.72334
475	1.97714	2.22678	0.829348	0.902296	2.04675	0.557907	1.11157	4	-3.4851785	2.72334
476	1.913	2.27673	0.979171	0.98615	2.26061	0.535555	1.17934	4	-2.480794	2.72334
477	2.01805	2.21257	0.800234	0.891022	1.98712	0.56459	1.08392	3	-1.4764097	2.72334
478	2.41397	2.09132	0.731331	0.945067	1.61835	0.550692	0.859983	3	-0.47202519	2.72334
479	2.22794	2.13098	0.785167	0.968218	1.7281	0.570683	0.952975	3	0.53235924	2.72334
480	1.92902	2.36234	0.864003	0.942134	2.16643	0.577856	1.22697	4	1.5367436	2.72334
481	1.93007	2.05289	0.823806	0.957276	1.76666	0.615383	1.06021	3	2.5411282	2.72334
482	1.81313	2.22064	0.848872	0.925899	2.0359	0.601021	1.19989	3	3.5455124	2.72334
483	2.0192	1.87942	0.836791	0.989481	1.5894	0.602459	0.9249	3	4.5498972	2.72334
484	2.28287	1.77681	0.730422	1.01453	1.27923	0.612654	0.758986	3	5.5542812	2.72334
485	1.98381	1.84456	0.881149	1.03167	1.57544	0.618901	0.939943	3	6.5586658	2.72334
486	1.91462	2.11126	0.741386	1.09834	1.42511	0.781947	1.08562	3	7.5630503	2.72334
487	1.86565	2.0347	0.677473	0.863542	1.59628	0.695179	1.08902	3	8.5674343	2.72334
488	1.78739	2.03838	0.957513	0.876536	2.2267	0.523562	1.14218	4	9.5718193	2.72334
489	1.70292	1.51459	0.898068	1.08493	1.25372	0.720727	0.879112	3	10.576203	2.72334
490	1.69362	1.43641	0.96287	1.10224	1.25478	0.691058	0.837853	3	11.580588	2.72334
491	1.9434	1.22022	0.961287	1.14444	1.02494	0.628515	0.624038	3	12.584972	2.72334
492	1.82237	1.37288	0.748872	1.00303	1.025	0.75059	0.760753	3	13.589356	2.72334
493	1.40251	0.839019	0.775128	0.868208	0.749068	0.80454	0.596045	3	14.593741	2.72334
494	1.55839	0.605731	0.540873	0.749935	0.43687	0.924014	0.393418	1	15.598125	2.72334
495	1.22322	0.623545	0.546914	1.25395	0.271962	1.85679	0.513661	2	16.60251	2.72334
496	1.28846	0.517762	0.530261	1.03658	0.264861	1.55082	0.39666	2	17.606895	2.72334
497	1.36525	0.462205	0.428087	0.724622	0.273058	1.23163	0.338332	1	18.611279	2.72334
498	1.15866	0.70374	0.989728	1.03715	0.671563	0.909897	0.608157	3	-19.55533	1.69612
499	1.34965	0.44491	0.782062	1.40812	0.2471	1.31793	0.326735	2	-18.550945	1.69612
500	1.24908	0.63671	0.645244	1.51124	0.271852	1.85544	0.511202	2	-17.54656	1.69612
501	1.47083	0.576742	0.689937	1.38277	0.287766	1.41043	0.39945	2	-16.542175	1.69612
502	1.21183	0.668668	0.577678	1.38961	0.277973	1.95721	0.557335	2	-15.537791	1.69612
503	1.13871	0.489172	0.502967	1.21961	0.201734	2.15261	0.42773	2	-14.533407	1.69612
504	1.23612	0.475653	0.62602	1.08165	0.275291	1.44163	0.387394	2	-13.529023	1.69612
505	1.52715	0.592503	0.522152	1.00686	0.307269	1.28639	0.39218	2	-12.524638	1.69612
506	1.78628	1.24269	0.877591	0.65475	1.66563	0.424421	0.681723	3	-11.520254	1.69612
507	2.37038	2.61124	0.897837	0.710261	3.30086	0.347262	1.10043	4	-10.515869	1.69612
508	2.22743	2.37273	0.801428	0.682992	2.78418	0.389157	1.05251	4	-9.5114851	1.69612
509	2.33329	2.27926	0.876146	0.826996	2.41472	0.415982	0.974839	4	-8.5071011	1.69612
510	2.05282	2.44283	0.97881	0.839848	2.84703	0.426356	1.185	4	-7.5027161	1.69612
511	2.07583	2.23311	0.88284	0.866279	2.2758	0.485058	1.06746	4	-6.498332	1.69612
512	2.26851	2.25127	0.990169	0.983545	2.26643	0.44828	0.981057	4	-5.4939475	1.69612
513	2.12895	2.21491	0.915366	0.920688	2.20211	0.47501	1.0214	4	-4.489563	1.69612
514	2.27564	2.24557	0.796992	0.873552	2.04876	0.489276	0.978549	4	-3.4851785	1.69612
515	2.02205	2.28148	0.788717	0.945993	1.90217	0.60429	1.11639	3	-2.480794	1.69612
516	2.05505	1.84763	0.89552	0.796195	2.07812	0.438131	0.885193	4	-1.4764097	1.69612
517	1.92677	2.13654	0.894127	0.979716	1.94989	0.583044	1.10346	3	-0.47202519	1.69612
518	2.32477	1.86609	0.831827	0.932389	1.66482	0.488889	0.791171	3	0.53235924	1.69612
519	1.99262	1.88544	0.828149	0.944985	1.65233	0.5863	0.939331	3	1.5367436	1.69612
520	1.78884	2.30806	0.832125	1.16628	1.64677	0.799633	1.27441	3	2.5411282	1.69612
521	1.93099	1.88228	0.85014	0.99967	1.60073	0.623065	0.971648	3	3.5455124	1.69612
522	1.90164	2.0185	0.87751	1.07568	1.64665	0.661937	1.05658	3	4.5498972	1.69612
523	2.06809	1.84899	0.911971	1.04402	1.61513	0.572142	0.901413	3	5.5542812	1.69612
524	1.70327	1.96775	0.808967	1.07247	1.48428	0.806357	1.1558	3	6.5586658	1.69612
525	1.75293	1.94818	0.864117	0.865279	1.94556	0.581935	1.1128	3	7.5630503	1.69612
526	1.65687	1.93351	0.806206	0.956234	1.63015	0.730615	1.1538	3	8.5674343	1.69612
527	2.08539	1.79681	0.826909	0.989579	1.50145	0.575316	0.84934	3	9.5718193	1.69612
528	1.92684	1.37136	1.05277	1.13432	1.27278	0.584946	0.720991	3	10.576203	1.69612
529	1.89232	1.24011	0.889526	1.07634	1.02488	0.652961	0.651358	3	11.580588	1.69612
530	1.98096	1.22929	0.756558	0.99349	0.936124	0.675283	0.617414	3	12.584972	1.69612
531	1.43555	1.28861	0.796641	0.865241	1.18644	0.778404	0.895405	3	13.589356	1.69612
532	1.75357	0.686977	0.811231	0.881751	0.632035	0.62698	0.394948	3	14.593741	1.69612
533	1.15916	0.517373	0.911217	1.37792	0.342137	1.29011	0.455659	1	15.598125	1.69612
534	1.24906	0.637843	0.44485	0.833824	0.340293	1.52444	0.515389	1	16.60251	1.69612
535	1.19484	0.533065	0.679869	0.97174	0.372954	1.19747	0.44762	1	17.606895	1.69612
536	1.28007	0.657818	0.505205	1.23013	0.270162	1.87787	0.517075	2	18.611279	1.69612
537	1.29258	0.54752	0.346528	0.692418	0.274012	1.52794	0.425014	2	-19.55533	0.668892
538	1.43728	0.452886	0.638993	1.53925	0.188008	1.68252	0.319253	2	-18.550945	0.668892
539	1.37693	0.582187	0.532935	1.18878	0.260996	1.62397	0.42771	2	-17.54656	0.668892
540	1.79481	0.515102	0.342054	0.919423	0.191634	1.49651	0.285612	2	-16.542175	0.668892
541	1.38	0.61588	0.590176	1.09034	0.333362	1.34698	0.452646	1	-15.537791	0.668892
542	1.28699	0.550123	0.476237	0.909061	0.288198	1.49595	0.431144	2	-14.533407	0.668892
543	1.30221	0.554165	0.731517	1.07409	0.377419	1.14051	0.429593	1	-13.529023	0.668892
544	1.24676	0.755281	0.489408	0.991467	0.372822	1.60825	0.604656	2	-12.524638	0.668892
545	1.63473	0.859509	0.72998	0.786841	0.797395	0.676793	0.520492	3	-11.520254	0.668892
546	2.17455	2.58552	0.922838	0.767082	3.11051	0.387412	1.17715	4	-9.5114851	0.668892
547	2.26443	2.40178	0.930578	0.912356	2.44975	0.442483	1.05658	4	-8.5071011	0.668892
548	2.37046	2.15103	0.911794	0.912623	2.14908	0.42728	0.890344	4	-7.5027161	0.668892
549	1.85616	2.16398	0.917386	0.920449	2.15678	0.553632	1.16359	4	-6.498332	0.668892
550	1.91838	2.16203	0.789704	0.851417	2.00532	0.56417	1.10406	3	-5.4939475	0.668892
551	1.98054	2.13066	0.858961	1.04707	1.74788	0.629973	1.06753	3	-4.489563	0.668892
552	2.11114	1.97659	0.765092	0.894393	1.69084	0.575815	0.939102	3	-3.4851785	0.668892
553	2.0859	1.69754	0.90784	0.965672	1.59588	0.518311	0.806715	3	-2.480794	0.668892
554	1.84804	2.39386	0.99848	0.844442	2.83053	0.464475	1.28995	4	-1.4764097	0.668892
555	2.23611	1.88342	0.917893	0.958008	1.80455	0.474779	0.834437	3	-0.47202519	0.668892
556	2.10349	1.90841	0.845079	1.00691	1.60169	0.57883	0.909337	3	0.53235924	0.668892
557	2.03148	1.7824	0.880347	1.05019	1.49414	0.601984	0.873573	3	1.5367436	0.668892
558	1.87502	1.83375	0.81363	0.999628	1.49255	0.672962	0.968418	3	2.5411282	0.668892
559	1.70043	1.90802	0.811624	1.11407	1.39004	0.822867	1.11166	3	3.5455124	0.668892
560	1.80361	1.86174	0.772409	1.01489	1.41693	0.728562	1.02959	3	4.5498972	0.668892
561	1.73902	1.62549	0.769172	0.956256	1.30748	0.729348	0.926787	3	5.5542812	0.668892
562	1.92005	1.52083	0.76686	0.829805	1.40546	0.567249	0.788105	3	6.5586658	0.668892
563	1.77821	1.55031	0.902412	1.34231	1.04225	0.860316	0.876727	3	7.5630503	0.668892
564	1.72227	1.71747	0.848742	1.06438	1.36952	0.738663	0.989416	3	8.5674343	0.668892
565	1.81476	1.28829	0.921339	1.15544	1.02728	0.706445	0.716303	3	9.5718193	0.668892
566	1.67883	1.33825	0.854468	1.09631	1.04304	0.779532	0.79201	3	10.576203	0.668892
567	2.24597	1.06038	0.561284	0.675614	0.88094	0.550891	0.468398	3	11.580588	0.668892
568	1.66855	1.3566	0.982818	0.648382	2.05634	0.402651	0.816723	3	12.584972	0.668892
569	1.38509	0.551164	0.544167	0.852661	0.351752	1.15443	0.399	1	13.589356	0.668892
570	1.19721	0.479826	0.641167	1.47294	0.208867	2.01571	0.40515	2	14.593741	0.668892
571	1.5284	0.500445	0.520326	0.919016	0.283341	1.24497	0.337474	2	15.598125	0.668892
572	1.43725	0.520723	0.521399	1.08349	0.250583	1.45895	0.36707	2	16.60251	0.668892
573	1.56581	0.650155	0.736241	1.01417	0.471981	0.896958	0.422232	1	17.606895	0.668892
574	1.51835	0.619021	0.508972	1.03508	0.304386	1.35381	0.408633	2	18.611279	0.668892
575	1.63296	0.623102	0.886684	1.46161	0.378004	1.00749	0.381722	1	-19.55533	-0.358335
576	1.3298	0.60154	0.7168	1.23412	0.349385	1.28935	0.464215	1	-18.550945	-0.358335
577	1.42242	0.4855	0.479658	0.865488	0.269066	1.2653	0.342352	1	-17.54656	-0.358335
578	1.21633	1.03885	1.04055	0.784235	1.37839	0.62318	0.85729	3	-16.542175	-0.358335
579	1.73497	0.451657	0.706671	1.08651	0.29376	0.927148	0.265418	2	-15.537791	-0.358335
580	1.66016	0.645703	0.471925	0.835121	0.364886	1.06359	0.39208	1	-14.533407	-0.358335
581	1.39341	0.536306	0.473107	0.907006	0.279745	1.34447	0.382978	1	-13.529023	-0.358335
582	1.27321	0.761484	0.507168	0.928786	0.415812	1.44184	0.602621	1	-12.524638	-0.358335
583	1.58235	0.610693	0.481989	0.868281	0.339	1.1354	0.378951	1	-11.520254	-0.358335
584	2.09124	2.27881	0.926578	0.935642	2.25673	0.488521	1.07949	4	-9.5114851	-0.358335
585	2.34911	1.84393	0.965568	0.963257	1.84835	0.436735	0.773501	4	-8.5071011	-0.358335
586	1.74424	2.16624	0.893773	0.9394	2.06102	0.622856	1.25398	3	-7.5027161	-0.358335
587	1.7852	2.63454	1.00484	0.78779	3.36041	0.43823	1.45185	4	-6.498332	-0.358335
588	1.89092	2.10436	0.884469	1.12489	1.65459	0.682478	1.10129	3	-5.4939475	-0.358335
589	1.94855	2.31709	0.821615	0.850317	2.23888	0.528823	1.16585	4	-4.489563	-0.358335
590	2.20478	1.86427	0.761553	1.07234	1.32397	0.646713	0.829382	3	-3.4851785	-0.358335
591	2.46453	1.72471	0.831444	0.78624	1.82387	0.3939	0.69143	4	-2.480794	-0.358335
592	1.85789	2.25463	0.931966	1.00485	2.0911	0.593574	1.21042	3	-1.4764097	-0.358335
593	1.90892	2.27395	1.04601	0.929015	2.5603	0.471952	1.18631	4	-0.47202519	-0.358335
594	1.88957	1.95675	0.809254	0.925835	1.71036	0.610814	1.0332	3	0.53235924	-0.358335
595	2.03256	1.76596	0.753943	1.07401	1.23968	0.720223	0.867517	3	1.5367436	-0.358335
596	1.80732	2.11633	1.00243	0.855913	2.4786	0.479571	1.16647	4	2.5411282	-0.358335
597	1.8908	1.74669	0.819979	1.083	1.32248	0.720908	0.912023	3	3.5455124	-0.358335
598	1.66612	1.76543	0.786706	1.24312	1.11725	0.976912	1.05607	3	4.5498972	-0.358335
599	1.71621	1.81696	0.995513	0.993735	1.82021	0.594545	1.06149	3	5.5542812	-0.358335
600	1.731	1.48143	0.916673	1.12338	1.20884	0.720852	0.857869	3	6.5586658	-0.358335
601	1.56282	1.56245	0.899346	1.12339	1.25085	0.824005	0.991833	3	7.5630503	-0.358335
602	1.71604	1.21564	0.763909	1.05686	0.878681	0.810382	0.699538	3	8.5674343	-0.358335
603	1.68646	1.64403	0.779875	0.830481	1.54385	0.655074	0.977871	3	9.5718193	-0.358335
604	1.4729	1.82811	0.803974	0.762439	1.9277	0.662759	1.24461	3	10.576203	-0.358335
605	1.66221	0.702232	0.732899	0.75744	0.67948	0.654307	0.428566	3	11.580588	-0.358335
606	1.52753	0.633427	0.418326	0.864016	0.306683	1.34748	0.41423	2	12.584972	-0.358335
607	1.23662	0.637942	0.593298	1.18243	0.320094	1.65616	0.524593	2	13.589356	-0.358335
608	1.10908	0.653846	0.638073	1.13109	0.368851	1.53712	0.589646	1	14.593741	-0.358335
609	1.13044	0.369409	0.601583	0.906128	0.245253	1.43023	0.331657	2	15.598125	-0.358335
610	1.14568	0.609947	0.55353	0.954944	0.353554	1.54117	0.537503	1	16.60251	-0.358335
611	1.47263	0.55407	0.608126	1.40123	0.240463	1.49958	0.372848	2	17.606895	-0.358335
612	1.36109	0.813556	0.866307	0.976068	0.722071	0.853126	0.595727	3	18.611279	-0.358335
613	1.42129	0.489153	0.392985	0.820441	0.234301	1.56401	0.347963	2	-19.55533	-1.38556
614	1.22541	0.684811	0.620304	1.03072	0.412131	1.35474	0.560529	1	-18.550945	-1.38556
615	1.38206	0.659758	0.613943	1.40867	0.287542	1.67567	0.486157	2	-17.54656	-1.38556
616	1.24414	0.663426	0.49006	0.948903	0.342626	1.55555	0.536999	1	-16.542175	-1.38556
617	1.20163	0.560398	0.654978	0.958353	0.382999	1.17554	0.462349	1	-15.537791	-1.38556
618	1.20054	0.625565	0.727488	1.56504	0.290785	1.81734	0.52403	2	-14.533407	-1.38556
619	1.17519	0.720862	0.819685	1.02813	0.574714	1.08689	0.620813	1	-13.529023	-1.38556
620	1.36911	0.60558	0.418428	0.83668	0.302853	1.47176	0.446957	2	-12.524638	-1.38556
621	1.58984	0.717505	0.494306	1.11416	0.318328	1.46245	0.456151	2	-11.520254	-1.38556
622	2.3703	2.68562	0.896811	0.810712	2.97083	0.392937	1.12004	4	-10.515869	-1.38556
623	2.1304	2.40144	0.784907	0.924843	2.03808	0.557815	1.11322	4	-9.5114851	-1.38556
624	1.84933	2.0761	0.806187	1.01229	1.6534	0.696718	1.11268	3	-8.5071011	-1.38556
625	2.18834	1.94182	0.738146	1.07688	1.33102	0.669697	0.879382	3	-7.5027161	-1.38556
626	1.65475	1.88707	0.863654	0.959167	1.69916	0.686501	1.12974	3	-6.498332	-1.38556
627	1.69161	2.04513	0.844954	0.893823	1.93331	0.638929	1.19739	3	-5.4939475	-1.38556
628	1.63439	2.32922	0.761511	0.951342	1.86445	0.779201	1.42903	3	-4.489563	-1.38556
629	1.80377	2.13724	0.741498	1.00359	1.57909	0.771111	1.17884	3	-3.4851785	-1.38556
630	1.8478	2.13355	0.693727	0.837111	1.7681	0.659984	1.14199	3	-2.480794	-1.38556
631	2.06888	1.72374	0.851099	1.15628	1.26879	0.667863	0.823976	3	-1.4764097	-1.38556
632	1.75837	2.00795	0.806801	1.07372	1.50879	0.770277	1.13613	3	-0.47202519	-1.38556
633	1.80816	1.657	0.800028	1.02952	1.28764	0.711234	0.89798	3	0.53235924	-1.38556
634	1.87869	2.00069	0.650935	0.979827	1.32913	0.810699	1.06945	3	1.5367436	-1.38556
635	1.44894	1.5931	0.890229	1.1528	1.23024	0.909213	1.09045	3	2.5411282	-1.38556
636	1.78804	1.60736	0.928981	1.18745	1.25749	0.729141	0.89596	3	3.5455124	-1.38556
637	1.6762	1.6241	0.752857	1.01976	1.19902	0.824208	0.96214	3	4.5498972	-1.38556
638	1.9009	1.69913	0.818995	1.02534	1.35718	0.670501	0.894063	3	5.5542812	-1.38556
639	1.80837	1.65435	1.02245	0.888546	1.90366	0.489002	0.916688	4	6.5586658	-1.38556
640	1.57584	1.42984	0.809763	0.959594	1.20658	0.782353	0.901463	3	7.5630503	-1.38556
641	1.871	1.43679	0.756338	0.671196	1.61905	0.488666	0.762594	3	8.5674343	-1.38556
642	1.4121	0.833265	0.970822	0.807645	1.00162	0.594118	0.585428	3	9.5718193	-1.38556
643	1.25446	0.824078	0.682566	0.968588	0.580729	1.12586	0.658663	1	10.576203	-1.38556
644	0.960394	0.465785	0.638585	1.21636	0.244537	1.95591	0.489425	2	11.580588	-1.38556
645	1.27469	0.503768	0.45821	1.06501	0.216742	1.8314	0.396741	2	12.584972	-1.38556
646	1.52836	0.480714	0.566097	1.10938	0.245301	1.30554	0.319352	2	13.589356	-1.38556
647	1.20647	0.619071	0.792528	0.977171	0.502094	1.03584	0.516173	1	14.593741	-1.38556
648	1.30673	0.581288	0.53124	0.82394	0.374788	1.19128	0.448489	1	15.598125	-1.38556
649	1.10079	0.709155	0.521795	1.01091	0.366039	1.72754	0.648803	1	16.60251	-1.38556
650	1.31498	0.58535	0.587661	1.68812	0.203769	2.12968	0.448056	2	17.606895	-1.38556
651	1.12603	0.68686	0.565458	0.936047	0.414927	1.44092	0.607365	1	18.611279	-1.38556
652	1.33927	0.504296	0.538452	1.26367	0.214882	1.72492	0.381317	2	-19.55533	-2.41279
653	1.21717	0.545325	0.535295	0.9169	0.318366	1.40984	0.452959	1	-18.550945	-2.41279
654	1.29886	0.499513	0.454427	0.940163	0.241439	1.68925	0.393741	2	-17.54656	-2.41279
655	1.07413	0.549573	0.74847	1.35314	0.303988	1.6655	0.504456	2	-16.542175	-2.41279
656	1.22089	0.510825	0.546947	1.00211	0.278807	1.51272	0.413697	2	-15.537791	-2.41279
657	1.36609	0.676211	0.485497	0.916558	0.358186	1.39313	0.496292	1	-14.533407	-2.41279
658	1.35161	0.649625	0.445035	0.872727	0.331267	1.50651	0.490205	2	-13.529023	-2.41279
659	1.23679	0.461212	0.467379	0.729204	0.295611	1.23505	0.370973	1	-12.524638	-2.41279
660	1.24139	0.678165	0.738843	1.49592	0.334948	1.63216	0.546578	2	-11.520254	-2.41279
661	1.62804	1.59611	0.754802	0.97053	1.24133	0.79436	0.96878	3	-10.515869	-2.41279
662	1.70173	2.0072	0.695743	0.802924	1.73926	0.678949	1.15846	3	-9.5114851	-2.41279
663	2.13357	1.73845	0.73402	0.889386	1.43476	0.584207	0.813847	3	-8.5071011	-2.41279
664	2.17027	1.8148	0.954973	1.16763	1.48428	0.580217	0.833886	3	-7.5027161	-2.41279
665	1.91152	1.925	0.905059	0.990941	1.75816	0.585817	0.999181	3	-6.498332	-2.41279
666	1.68451	1.71382	0.750273	0.947407	1.35721	0.754979	0.997381	3	-5.4939475	-2.41279
667	1.88883	1.8775	0.80768	1.04095	1.45676	0.69006	0.979388	3	-4.489563	-2.41279
668	1.69722	1.95415	0.784337	1.03564	1.47996	0.793833	1.14422	3	-3.4851785	-2.41279
669	1.89361	1.65309	0.780062	1.21934	1.05755	0.821089	0.85787	3	-2.480794	-2.41279
670	2.09378	1.7577	0.789291	1.06902	1.29777	0.652072	0.825951	3	-1.4764097	-2.41279
671	2.25846	1.39095	0.83796	1.0327	1.12865	0.542749	0.607157	3	-0.47202519	-2.41279
672	2.15813	1.44378	0.893696	1.06237	1.21455	0.55769	0.663691	3	0.53235924	-2.41279
673	2.04147	1.49058	0.831493	0.936141	1.32395	0.574837	0.733193	3	1.5367436	-2.41279
674	1.75012	1.64721	0.775875	0.95903	1.33263	0.722113	0.938909	3	2.5411282	-2.41279
675	1.57434	1.47218	0.731748	0.971804	1.10852	0.856705	0.923689	3	3.5455124	-2.41279
676	1.88338	1.52427	0.732389	0.977336	1.14225	0.722897	0.801757	3	4.5498972	-2.41279
677	1.59958	1.62542	0.735183	1.05765	1.12984	0.900318	1.00501	3	5.5542812	-2.41279
678	1.64808	1.27363	1.02287	0.96604	1.34855	0.591857	0.78043	3	6.5586658	-2.41279
679	1.41563	0.921225	0.967571	0.937698	0.950573	0.705922	0.651284	3	7.5630503	-2.41279
680	0.969073	1.32405	0.87919	0.916885	1.26961	1.09596	1.37068	3	8.5674343	-2.41279
681	1.14401	0.600744	0.602477	0.881069	0.41079	1.29728	0.531671	1	9.5718193	-2.41279
682	1.38339	0.656173	0.536338	1.32344	0.265922	1.77877	0.485912	2	10.576203	-2.41279
683	1.38459	0.604975	0.640562	1.43268	0.270489	1.63794	0.436224	2	11.580588	-2.41279
684	1.46158	0.541628	0.656268	1.11233	0.319557	1.17621	0.371685	1	12.584972	-2.41279
685	1.54438	0.617855	0.509954	1.0053	0.313417	1.33694	0.411376	2	13.589356	-2.41279
686	1.30691	0.569372	0.528031	0.973126	0.308949	1.46094	0.451738	2	14.593741	-2.41279
687	1.24265	0.488511	0.584622	1.45524	0.196253	2.08999	0.399702	2	15.598125	-2.41279
688	1.47943	0.514973	0.508894	0.848181	0.308975	1.08905	0.346853	1	16.60251	-2.41279
689	1.36675	0.691431	0.595412	1.20576	0.341433	1.41129	0.49512	2	17.606895	-2.41279
690	1.51343	0.584499	0.640302	1.11993	0.334178	1.18273	0.389134	1	18.611279	-2.41279
691	1.1853	0.6509	0.815013	1.23083	0.431003	1.27983	0.555326	1	-19.55533	-3.44001
692	1.4059	0.71476	0.443578	0.943923	0.335887	1.54603	0.519219	2	-18.550945	-3.44001
693	1.43848	0.475077	0.538677	0.873178	0.293083	1.15567	0.33383	1	-17.54656	-3.44001
694	1.2743	0.526137	0.687871	1.12325	0.322203	1.28844	0.418931	1	-16.542175	-3.44001
695	1.15516	0.501971	0.489563	0.754059	0.325898	1.39881	0.436555	1	-15.537791	-3.44001
696	1.90965	0.492934	0.448256	1.04622	0.2112	1.21053	0.257545	2	-14.533407	-3.44001
697	1.41896	0.466551	0.520633	1.42128	0.170904	1.87874	0.323695	2	-13.529023	-3.44001
698	1.2827	0.587925	0.533845	0.829147	0.378534	1.20087	0.457417	1	-12.524638	-3.44001
699	1.48997	0.472863	0.441638	1.72692	0.120928	2.49842	0.324205	2	-11.520254	-3.44001
700	1.61122	1.037	0.751125	1.16313	0.669673	0.981214	0.646857	3	-10.515869	-3.44001
701	1.64637	2.33896	0.76868	1.07342	1.67494	0.8685	1.40961	3	-9.5114851	-3.44001
702	2.02858	1.70757	0.798691	0.886548	1.53835	0.560502	0.845482	3	-8.5071011	-3.44001
703	1.81109	2.01996	0.781553	1.20178	1.31363	0.88109	1.11521	3	-7.5027161	-3.44001
704	1.65493	1.80564	0.80406	1.14604	1.26684	0.871817	1.07573	3	-6.498332	-3.44001
705	2.10133	1.63037	0.773626	0.878379	1.43594	0.555955	0.773099	3	-5.4939475	-3.44001
706	1.93569	1.72828	0.765935	1.18594	1.1162	0.810972	0.879312	3	-4.489563	-3.44001
707	2.0314	1.65116	0.828651	0.956101	1.43106	0.575053	0.800288	3	-3.4851785	-3.44001
708	1.73389	1.58189	0.90226	0.938073	1.5215	0.619097	0.906191	3	-2.480794	-3.44001
709	2.21549	1.52128	0.699556	1.1441	0.930179	0.772436	0.690233	3	-1.4764097	-3.44001
710	1.69834	1.69249	0.732089	1.08016	1.14709	0.87144	0.972606	3	-0.47202519	-3.44001
711	2.04982	1.48998	0.815471	1.01245	1.2001	0.614973	0.725324	3	1.5367436	-3.44001
712	1.75352	1.27789	0.877104	1.06969	1.04781	0.702469	0.719643	3	2.5411282	-3.44001
713	1.87649	1.5304	0.910647	0.901843	1.54534	0.533588	0.813976	3	3.5455124	-3.44001
714	1.91291	1.22066	0.731021	0.864702	1.03195	0.633302	0.634369	3	4.5498972	-3.44001
715	1.70192	1.13379	0.940027	0.747525	1.42577	0.482072	0.673446	3	5.5542812	-3.44001
716	1.31018	0.855675	0.785174	0.807718	0.831793	0.7871	0.654219	3	6.5586658	-3.44001
717	1.44258	0.662532	0.654895	1.02368	0.423852	1.06997	0.46171	1	7.5630503	-3.44001
718	1.00973	1.14563	0.662508	0.787558	0.963724	1.19592	1.15137	3	8.5674343	-3.44001
719	1.304	0.644421	0.704157	1.23827	0.366457	1.32386	0.498703	1	9.5718193	-3.44001
720	1.05628	0.436693	0.65745	1.09295	0.262688	1.60547	0.409467	2	10.576203	-3.44001
721	1.44021	0.42337	0.572384	1.2461	0.194471	1.45848	0.293534	2	11.580588	-3.44001
722	1.67181	0.526977	0.506922	1.19297	0.223926	1.41632	0.319426	2	12.584972	-3.44001
723	1.34348	0.475207	0.64849	1.35877	0.226798	1.60692	0.353703	2	13.589356	-3.44001
724	1.29483	0.57122	0.773505	1.04164	0.424178	1.08669	0.449763	1	14.593741	-3.44001
725	1.54149	0.655495	0.736034	0.972258	0.496233	0.876844	0.423624	1	15.598125	-3.44001
726	0.97597	0.47496	0.618904	0.957001	0.307163	1.58552	0.475293	2	16.60251	-3.44001
727	1.25805	0.677851	0.797616	0.842086	0.642054	0.848437	0.541162	3	17.606895	-3.44001
728	1.35149	0.678391	0.67737	0.971939	0.472789	1.0596	0.502527	1	18.611279	-3.44001
729	1.03704	0.56581	0.825811	1.48862	0.313883	1.73492	0.549045	2	-19.55533	-4.46724
730	1.25812	0.644513	0.530048	1.43953	0.237316	2.22805	0.511763	2	-18.550945	-4.46724
731	1.42203	0.572633	0.640247	0.939588	0.390199	0.993111	0.39884	1	-17.54656	-4.46724
732	1.20742	0.603267	0.893091	1.0468	0.514687	0.99347	0.513712	1	-16.542175	-4.46724
733	1.08942	0.538361	0.829434	1.14224	0.390928	1.27225	0.490071	1	-15.537791	-4.46724
734	1.61427	0.721968	0.60922	1.02561	0.428854	1.0426	0.445916	1	-14.533407	-4.46724
735	1.1312	0.673307	0.582282	0.894776	0.438159	1.36152	0.604894	1	-13.529023	-4.46724
736	1.28189	0.637716	0.699129	1.11391	0.400252	1.23134	0.497029	1	-12.524638	-4.46724
737	1.53595	0.683145	0.502764	0.783309	0.438474	1.02829	0.447777	1	-11.520254	-4.46724
738	1.36899	0.811486	0.808582	1.20666	0.543778	1.09644	0.587174	1	-10.515869	-4.46724
739	1.92179	1.60965	0.881176	0.924474	1.53426	0.559636	0.831112	3	-9.5114851	-4.46724
740	1.91669	1.78202	0.767248	0.978784	1.39689	0.681091	0.921428	3	-8.5071011	-4.46724
741	1.65806	1.60614	0.889078	0.964597	1.48039	0.662788	0.957915	3	-7.5027161	-4.46724
742	2.11666	1.52626	0.760056	0.85851	1.35123	0.544547	0.715888	3	-6.498332	-4.46724
743	1.7537	1.45635	0.837579	0.977362	1.24806	0.682229	0.823074	3	-5.4939475	-4.46724
744	1.73037	1.41078	0.875459	1.05606	1.16951	0.728472	0.825176	3	-4.489563	-4.46724
745	1.95235	1.52395	0.868917	1.24652	1.06231	0.750206	0.777065	3	-3.4851785	-4.46724
746	1.73332	1.71085	0.887652	1.08294	1.40233	0.704114	0.96968	3	-2.480794	-4.46724
747	1.6919	1.27871	1.03352	1.13104	1.16846	0.660727	0.750023	3	-1.4764097	-4.46724
748	1.90304	1.59427	0.936907	1.01469	1.47205	0.556412	0.820416	3	-0.47202519	-4.46724
749	1.65964	1.36467	0.820382	0.987158	1.13412	0.73181	0.823162	3	0.53235924	-4.46724
750	1.7202	1.43542	0.663635	0.874133	1.08976	0.779371	0.82441	3	1.5367436	-4.46724
751	1.7933	1.44851	0.721512	0.864374	1.2091	0.674123	0.805433	3	2.5411282	-4.46724
752	1.7323	1.14061	0.797466	0.697378	1.30431	0.527752	0.668696	3	3.5455124	-4.46724
753	1.32119	0.729967	0.738993	0.75406	0.715381	0.790524	0.553667	3	4.5498972	-4.46724
754	1.22342	0.638418	0.480936	1.00821	0.304539	1.7299	0.525289	2	5.5542812	-4.46724
755	1.55772	0.707801	0.495002	1.04167	0.336348	1.3579	0.463173	1	6.5586658	-4.46724
756	1.29769	0.763968	0.620936	1.37726	0.344433	1.71533	0.599199	2	7.5630503	-4.46724
757	1.18593	0.701601	0.532925	1.62807	0.229658	2.52674	0.599585	2	8.5674343	-4.46724
758	1.2081	0.552546	0.68906	1.2561	0.303111	1.47344	0.46524	2	9.5718193	-4.46724
759	1.1511	0.595329	0.584786	1.05869	0.32884	1.54698	0.518482	1	10.576203	-4.46724
760	1.1815	0.8294	0.529397	1.54752	0.283733	2.49241	0.70852	2	11.580588	-4.46724
761	1.51887	0.604723	0.406119	1.38452	0.177382	2.32168	0.402545	2	12.584972	-4.46724
762	1.15251	0.623896	0.715954	1.02456	0.435973	1.2514	0.554285	1	13.589356	-4.46724
763	1.42406	0.549675	0.703313	1.03225	0.374514	1.06609	0.39016	1	14.593741	-4.46724
764	1.08555	0.496038	0.515625	1.34663	0.189933	2.40052	0.451862	2	15.598125	-4.46724
765	1.34407	0.654554	0.547236	1.29789	0.275984	1.77134	0.49673	2	16.60251	-4.46724
766	1.43302	0.41724	0.524707	1.43467	0.152599	1.75925	0.293872	2	17.606895	-4.46724
767	1.27268	0.690765	0.560694	0.970526	0.39907	1.33788	0.541706	1	18.611279	-4.46724
768	1.52138	0.768484	0.62455	0.907147	0.529083	1.00393	0.515818	1	-19.55533	-5.49447
769	1.48891	0.532863	0.446858	1.4016	0.169888	2.08968	0.36114	2	-18.550945	-5.49447
770	1.11178	0.656411	0.700913	1.52127	0.302435	2.016	0.603257	2	-17.54656	-5.49447
771	1.37835	0.497046	0.512897	1.7145	0.148693	2.20475	0.366777	2	-16.542175	-5.49447
772	1.17556	0.628631	0.636486	1.19074	0.33602	1.60427	0.538508	2	-15.537791	-5.49447
773	1.57729	0.701023	0.555792	1.0431	0.373524	1.18438	0.438904	1	-14.533407	-5.49447
774	1.5044	0.665284	0.641112	1.06251	0.401427	1.13946	0.452798	1	-13.529023	-5.49447
775	1.27592	0.683049	0.478461	1.34184	0.243556	2.07613	0.534015	2	-12.524638	-5.49447
776	1.12534	0.618193	0.692355	1.167	0.366759	1.50138	0.554555	1	-11.520254	-5.49447
777	1.06503	0.521296	0.726651	0.859033	0.440961	1.13817	0.490784	1	-10.515869	-5.49447
778	1.96717	1.87895	0.728446	0.472295	2.898	0.338585	0.9448	4	-9.5114851	-5.49447
779	1.95191	2.25479	0.888582	0.538513	3.72055	0.317218	1.1446	4	-8.5071011	-5.49447
780	2.32304	2.02975	0.798279	0.773915	2.09365	0.422843	0.859283	4	-7.5027161	-5.49447
781	2.27265	1.68075	0.841404	0.93666	1.50982	0.499382	0.738306	3	-6.498332	-5.49447
782	1.73333	1.52679	0.969275	1.01741	1.45455	0.615514	0.86713	3	-5.4939475	-5.49447
783	1.63229	1.61725	0.985334	1.09385	1.4568	0.688205	0.98405	3	-4.489563	-5.49447
784	1.61987	1.64958	0.777588	1.11151	1.15401	0.899524	1.01216	3	-3.4851785	-5.49447
785	1.63405	1.3796	0.899091	1.09495	1.13282	0.760555	0.836193	3	-2.480794	-5.49447
786	1.82561	1.28502	0.882319	1.15495	0.981686	0.727838	0.702453	3	-1.4764097	-5.49447
787	1.69741	1.41357	0.858114	1.07733	1.12593	0.739447	0.812525	3	-0.47202519	-5.49447
788	1.65729	1.11354	0.846638	0.907361	1.03902	0.676205	0.676599	3	0.53235924	-5.49447
789	1.7821	1.13496	0.774915	0.882416	0.996693	0.660317	0.632503	3	1.5367436	-5.49447
790	1.45569	0.752939	0.708518	0.912472	0.584644	0.915719	0.515583	3	2.5411282	-5.49447
791	1.33784	0.5941	0.694138	1.19345	0.345543	1.29489	0.447376	1	3.5455124	-5.49447
792	1.49242	0.73914	0.612007	0.84627	0.534533	0.935913	0.49991	1	4.5498972	-5.49447
793	1.07315	0.615047	0.960103	1.28166	0.460736	1.23676	0.577157	1	5.5542812	-5.49447
794	1.19815	0.699232	0.650601	1.01844	0.446685	1.36916	0.596667	1	6.5586658	-5.49447
795	1.2682	0.595425	0.745396	1.14469	0.387728	1.21386	0.465178	1	7.5630503	-5.49447
796	1.52401	0.49216	0.382717	0.852315	0.220996	1.46878	0.3187	2	8.5674343	-5.49447
797	1.23118	0.59839	0.65798	0.802773	0.490461	0.995427	0.492229	1	9.5718193	-5.49447
798	1.38804	0.595969	0.278764	0.706296	0.23522	1.86583	0.427542	2	10.576203	-5.49447
799	1.15351	0.537366	0.429238	0.627297	0.367701	1.31795	0.469557	1	11.580588	-5.49447
800	1.23074	0.589608	0.645531	1.32558	0.287128	1.72165	0.481309	2	12.584972	-5.49447
801	1.22445	0.528842	0.601648	0.724294	0.439292	0.990822	0.434032	1	13.589356	-5.49447
802	1.59807	0.458054	0.481256	0.940453	0.234399	1.26983	0.29337	2	14.593741	-5.49447
803	1.265	0.440666	0.431393	0.680428	0.279383	1.22354	0.352965	1	15.598125	-5.49447
804	1.20066	0.645284	0.692801	1.07576	0.415568	1.31746	0.536592	1	16.60251	-5.49447
805	1.2492	0.550467	0.783028	1.22787	0.351039	1.28774	0.439669	1	17.606895	-5.49447
806	1.48192	0.660994	0.371896	1.12405	0.218693	1.96799	0.4433	2	18.611279	-5.49447
807	1.53035	0.562071	0.543093	1.55447	0.196373	1.91893	0.377453	2	-19.55533	-6.52169
808	1.1746	0.469485	0.46252	0.968672	0.224169	1.8215	0.402789	2	-18.550945	-6.52169
809	1.26494	0.58769	0.638612	0.839721	0.446941	1.05789	0.477296	1	-17.54656	-6.52169
810	1.62945	0.560812	0.586131	0.842845	0.39	0.874299	0.342713	1	-16.542175	-6.52169
811	1.89402	0.564702	0.386121	0.836272	0.260733	1.20097	0.31086	2	-15.537791	-6.52169
812	1.13445	0.673074	0.548148	0.79022	0.466888	1.29723	0.592482	1	-14.533407	-6.52169
813	1.40029	0.722054	0.61302	0.962342	0.459954	1.12107	0.525423	1	-13.529023	-6.52169
814	1.28367	0.660434	0.386951	0.984897	0.259474	1.91087	0.518815	2	-12.524638	-6.52169
815	1.44209	0.632492	0.695805	1.5283	0.287961	1.55364	0.442775	2	-11.520254	-6.52169
816	1.66938	0.680221	0.635392	1.28464	0.336442	1.26252	0.416122	2	-10.515869	-6.52169
817	1.76627	0.81166	0.851218	0.986212	0.700558	0.675829	0.460573	3	-9.5114851	-6.52169
818	1.73545	1.00732	0.778933	0.541935	1.44783	0.411707	0.582338	3	-8.5071011	-6.52169
819	2.22487	1.37647	0.772326	0.5418	1.96213	0.33087	0.630614	4	-7.5027161	-6.52169
820	2.34157	1.74957	0.924237	0.61914	2.61171	0.294627	0.738643	4	-6.498332	-6.52169
821	2.07795	1.7371	0.93776	0.791811	2.05728	0.418879	0.833605	4	-5.4939475	-6.52169
822	1.89819	1.81102	0.769944	0.834207	1.67151	0.575363	0.947765	3	-4.489563	-6.52169
823	1.75465	1.57352	0.842285	0.94469	1.40295	0.6554	0.897787	3	-3.4851785	-6.52169
824	2.07381	1.50587	0.70219	0.780107	1.35547	0.539413	0.721472	3	-2.480794	-6.52169
825	1.64204	1.42103	0.552825	0.850432	0.923744	0.958185	0.85941	3	-1.4764097	-6.52169
826	1.65256	1.17064	0.651837	0.667518	1.14314	0.625705	0.693714	3	-0.47202519	-6.52169
827	1.42918	0.789475	1.00028	0.983537	0.802914	0.706835	0.550816	3	0.53235924	-6.52169
828	1.35399	0.707376	0.818903	1.10312	0.525122	1.01267	0.527794	1	1.5367436	-6.52169
829	1.39446	0.514349	0.5084	0.976498	0.267789	1.35839	0.377467	1	2.5411282	-6.52169
830	1.52388	0.630891	0.457867	1.04562	0.276263	1.52608	0.420078	2	3.5455124	-6.52169
831	1.77336	0.539601	0.421277	1.27639	0.178097	1.79849	0.315687	2	4.5498972	-6.52169
832	1.09677	0.772731	0.807616	1.28202	0.486786	1.47774	0.711544	1	5.5542812	-6.52169
833	1.35043	0.529007	0.56544	0.861852	0.347068	1.07393	0.390467	1	6.5586658	-6.52169
834	1.25276	0.622236	0.67227	1.53535	0.272453	1.79789	0.497074	2	7.5630503	-6.52169
835	1.33036	0.680491	0.478795	0.765145	0.425823	1.19657	0.515519	1	8.5674343	-6.52169
836	1.28977	0.669423	0.558876	1.41251	0.264865	1.89686	0.514996	2	9.5718193	-6.52169
837	1.36118	0.648809	0.394759	0.944607	0.271142	1.87016	0.483028	2	10.576203	-6.52169
838	1.40462	0.648293	0.679585	1.39421	0.316001	1.53156	0.470798	2	11.580588	-6.52169
839	1.25836	0.572546	0.514201	0.994482	0.296038	1.5837	0.457478	2	12.584972	-6.52169
840	1.33596	0.631655	0.60107	0.868196	0.437308	1.10097	0.478239	1	13.589356	-6.52169
841	1.39825	0.552259	0.538962	0.659104	0.451592	0.887635	0.39743	1	14.593741	-6.52169
842	1.36488	0.595167	0.697139	1.04841	0.395756	1.13247	0.444706	1	15.598125	-6.52169
843	1.24515	0.4468	0.493488	0.975458	0.226038	1.56798	0.36189	2	16.60251	-6.52169
844	1.20678	0.42416	0.69514	1.08465	0.27184	1.29289	0.359147	1	17.606895	-6.52169
845	1.32705	0.537865	0.625184	1.66409	0.202071	2.02436	0.415186	2	18.611279	-6.52169
846	1.31564	0.712613	0.555322	1.41805	0.279066	1.9343	0.537542	2	-19.55533	-7.54892
847	1.47871	0.657102	0.642232	1.56737	0.269249	1.60106	0.444096	2	-18.550945	-7.54892
848	1.29218	0.613169	0.823251	1.18623	0.425544	1.1245	0.471529	1	-17.54656	-7.54892
849	1.69306	0.571197	0.35475	0.709229	0.285708	1.21017	0.345176	2	-16.542175	-7.54892
850	1.2948	0.571311	0.39177	1.00167	0.22345	1.90636	0.438104	2	-15.537791	-7.54892
851	1.14669	0.67542	0.666671	1.01916	0.441817	1.34712	0.594499	1	-14.533407	-7.54892
852	1.33071	0.566558	0.519933	0.927503	0.317597	1.34807	0.423971	1	-13.529023	-7.54892
853	1.41159	0.543682	0.308809	1.07916	0.155578	2.34256	0.382009	2	-12.524638	-7.54892
854	1.29259	0.575764	0.660708	1.04147	0.365264	1.24185	0.447804	1	-11.520254	-7.54892
855	1.77629	0.475657	0.732516	1.15486	0.301705	0.925411	0.273992	2	-10.515869	-7.54892
856	1.38488	0.578744	0.671478	1.1669	0.333032	1.27901	0.424652	1	-9.5114851	-7.54892
857	1.33044	0.601814	0.902001	1.43014	0.379569	1.17989	0.453102	1	-8.5071011	-7.54892
858	1.25011	0.654944	0.791723	0.97664	0.530936	1.00174	0.527924	1	-7.5027161	-7.54892
859	1.4629	0.584381	0.479217	0.674101	0.415436	0.973476	0.403314	1	-6.498332	-7.54892
860	1.44038	0.828993	0.896405	1.25587	0.591714	1.00189	0.579531	1	-5.4939475	-7.54892
861	1.91943	0.942088	0.604212	0.60113	0.946918	0.530983	0.488646	3	-4.489563	-7.54892
862	1.76617	0.807288	0.878978	0.84247	0.842272	0.549943	0.452217	3	-3.4851785	-7.54892
863	1.50078	0.938872	0.749148	0.781298	0.900239	0.688246	0.614831	3	-2.480794	-7.54892
864	1.59865	0.961432	0.731218	0.766032	0.917738	0.672529	0.601154	3	-1.4764097	-7.54892
865	1.09051	0.536188	0.659636	1.03269	0.342491	1.51722	0.498991	2	-0.47202519	-7.54892
866	1.26835	0.587753	0.591385	0.918004	0.378635	1.20707	0.465197	1	0.53235924	-7.54892
867	1.47117	0.722931	0.691084	0.689198	0.724909	0.700747	0.492459	3	1.5367436	-7.54892
868	1.23667	0.687653	0.758509	1.44054	0.362081	1.5301	0.556596	2	2.5411282	-7.54892
869	0.923797	0.54169	0.759085	0.923283	0.445355	1.32726	0.583154	1	3.5455124	-7.54892
870	1.31502	0.628324	0.666348	1.07899	0.388031	1.22886	0.482268	1	4.5498972	-7.54892
871	1.1278	0.475605	0.568033	1.10588	0.244292	1.76142	0.425368	2	5.5542812	-7.54892
872	1.26647	0.545554	0.627709	1.15895	0.295483	1.44832	0.441649	2	6.5586658	-7.54892
873	1.36288	0.477768	0.502429	0.849415	0.2826	1.25271	0.353487	1	7.5630503	-7.54892
874	1.66548	0.439394	0.486305	1.33489	0.160073	1.60303	0.26391	2	8.5674343	-7.54892
875	1.21715	0.430982	0.77098	1.32436	0.250898	1.42273	0.356192	2	9.5718193	-7.54892
876	1.49453	0.487716	0.642911	1.35235	0.231862	1.36408	0.319979	2	10.576203	-7.54892
877	1.26255	0.59018	0.681768	1.90946	0.210723	2.20421	0.471091	2	11.580588	-7.54892
878	1.08554	0.520145	0.722603	1.38494	0.271389	1.72887	0.483186	2	12.584972	-7.54892
879	1.15196	0.396667	0.715758	0.850862	0.333682	1.02869	0.344229	2	13.589356	-7.54892
880	1.18106	0.43169	0.542483	1.25088	0.187215	1.98149	0.37087	2	14.593741	-7.54892
881	1.04837	0.49999	0.740789	0.99598	0.371882	1.25581	0.477864	1	15.598125	-7.54892
882	1.27787	0.456113	0.44478	0.997099	0.20346	1.7635	0.360241	2	16.60251	-7.54892
883	1.03087	0.434877	0.530291	1.05819	0.21793	1.97286	0.420731	2	17.606895	-7.54892
884	1.21654	0.542209	0.880223	1.02717	0.464642	0.967788	0.446839	1	18.611279	-7.54892
885	1.20682	0.514701	0.576133	1.60026	0.185305	2.15069	0.422987	2	-19.55533	-8.57615
886	1.2632	0.673891	0.496614	0.848207	0.394554	1.35937	0.539636	1	-18.550945	-8.57615
887	1.3373	0.626758	0.485925	0.923678	0.329722	1.4927	0.481854	2	-17.54656	-8.57615
888	1.27589	0.548408	0.612828	0.842137	0.39908	1.07009	0.429034	1	-16.542175	-8.57615
889	0.962557	0.545652	0.430983	0.814849	0.288602	1.98778	0.56677	2	-15.537791	-8.57615
890	1.15282	0.828013	0.552734	0.974547	0.469624	1.49358	0.70891	1	-14.533407	-8.57615
891	1.15679	0.771212	0.564719	1.05674	0.412135	1.55065	0.658328	1	-13.529023	-8.57615
892	1.31232	0.515242	0.693675	0.669971	0.533471	0.763603	0.399228	1	-12.524638	-8.57615
893	1.46027	0.635598	0.536942	1.02588	0.332669	1.31425	0.44677	1	-11.520254	-8.57615
894	1.95352	0.425736	0.436007	1.27523	0.145561	1.45692	0.223888	2	-10.515869	-8.57615
895	1.27022	0.45853	0.431097	0.680744	0.290375	1.24064	0.367036	1	-9.5114851	-8.57615
896	1.33422	0.467947	0.872486	1.92771	0.211794	1.61381	0.346929	2	-8.5071011	-8.57615
897	1.25475	0.796559	0.686561	1.50488	0.363408	1.7404	0.64875	2	-7.5027161	-8.57615
898	1.30985	0.630618	0.703684	1.40695	0.315403	1.59911	0.483209	2	-6.498332	-8.57615
899	1.31167	0.597371	0.615586	0.804786	0.456933	1.00616	0.457305	1	-5.4939475	-8.57615
900	1.1796	0.53198	0.46644	0.882568	0.281153	1.56334	0.445165	2	-4.489563	-8.57615
901	1.30914	0.766626	0.566136	1.16324	0.373109	1.53429	0.587184	1	-3.4851785	-8.57615
902	1.57608	0.64665	0.317071	1.00897	0.203211	1.92282	0.408523	2	-2.480794	-8.57615
903	1.48106	0.552933	0.593004	1.24826	0.26268	1.35367	0.366468	2	-1.4764097	-8.57615
904	1.05119	0.561211	0.709954	1.36276	0.292373	1.90604	0.53347	2	-0.47202519	-8.57615
905	1.14375	0.674228	0.790792	1.30598	0.408255	1.47353	0.599983	1	0.53235924	-8.57615
906	1.04402	0.698702	0.7855	1.60609	0.341719	1.94184	0.673933	2	1.5367436	-8.57615
907	1.25329	0.640462	0.438182	0.860555	0.326114	1.59121	0.514823	2	2.5411282	-8.57615
908	1.21003	0.645372	0.436653	0.899149	0.313412	1.7293	0.538897	2	3.5455124	-8.57615
909	1.14466	0.414368	0.763235	2.05113	0.154189	2.32668	0.366223	2	4.5498972	-8.57615
910	1.2372	0.646538	0.604224	1.12708	0.346607	1.45848	0.514456	1	5.5542812	-8.57615
911	1.37906	0.630267	0.673861	1.1198	0.379276	1.17882	0.455339	1	6.5586658	-8.57615
912	1.25439	0.671557	0.646761	0.992553	0.437596	1.22337	0.539894	1	7.5630503	-8.57615
913	1.4765	0.508274	0.718924	0.943384	0.38734	0.888331	0.348531	1	8.5674343	-8.57615
914	1.49411	0.493662	0.49577	0.836901	0.292439	1.14702	0.335563	1	9.5718193	-8.57615
915	1.27611	0.565722	0.504143	0.654211	0.435952	0.992504	0.445097	1	10.576203	-8.57615
916	1.27759	0.587338	0.541453	1.24726	0.254972	1.75349	0.464866	2	11.580588	-8.57615
917	1.31435	0.663851	0.825828	0.916902	0.597912	0.858924	0.508987	3	12.584972	-8.57615
918	1.35693	0.527239	0.573251	1.27406	0.237226	1.60109	0.390103	2	13.589356	-8.57615
919	1.72724	0.600514	0.313792	0.61973	0.304063	1.1598	0.352353	2	14.593741	-8.57615
920	1.26987	0.550224	0.554333	1.00471	0.303577	1.4393	0.433583	2	15.598125	-8.57615
921	1.36558	0.654312	0.58032	1.04663	0.362795	1.31872	0.470948	1	16.60251	-8.57615
922	1.27224	0.510336	0.669652	1.34671	0.253763	1.57641	0.39545	2	17.606895	-8.57615
923	1.29987	0.546018	0.719447	1.21424	0.32352	1.2764	0.418901	1	18.611279	-8.57615
924	2.03267	0.609398	0.573888	0.982862	0.355825	0.867909	0.305707	2	-19.55533	-9.60337
925	1.44538	0.458581	0.550787	1.21613	0.207692	1.54237	0.320545	2	-18.550945	-9.60337
926	1.45709	0.493996	0.763905	1.23964	0.304415	1.16796	0.353303	1	-17.54656	-9.60337
927	1.34912	0.565674	0.528614	1.20171	0.248832	1.68897	0.429449	2	-16.542175	-9.60337
928	1.39481	0.691431	0.658934	1.42752	0.319159	1.56536	0.496593	2	-15.537791	-9.60337
929	1.06492	0.749512	0.904128	1.25293	0.540857	1.27233	0.700079	1	-14.533407	-9.60337
930	1.14964	0.522354	0.666086	1.12817	0.308404	1.66675	0.468875	2	-13.529023	-9.60337
931	1.58439	0.566947	0.58017	0.878425	0.37445	0.959544	0.361146	1	-12.524638	-9.60337
932	1.35339	0.538033	0.653509	1.41365	0.248725	1.56693	0.39801	2	-11.520254	-9.60337
933	1.32629	0.450792	0.545044	1.28956	0.190532	1.80098	0.337466	2	-10.515869	-9.60337
934	1.60071	0.60505	0.694312	1.26833	0.331219	1.16716	0.378359	2	-9.5114851	-9.60337
935	1.56612	0.481404	0.740795	1.24867	0.285602	1.09303	0.316022	2	-8.5071011	-9.60337
936	1.41531	0.59991	0.500835	0.890872	0.33726	1.30968	0.432331	1	-7.5027161	-9.60337
937	1.53083	0.61467	0.690745	1.09271	0.388556	1.04224	0.414046	1	-6.498332	-9.60337
938	1.11775	0.722605	0.893395	1.30508	0.49466	1.28879	0.647637	1	-5.4939475	-9.60337
939	1.33307	0.615563	0.422332	0.875021	0.297104	1.59182	0.46304	2	-4.489563	-9.60337
940	1.34981	0.772608	0.811201	1.03673	0.604535	0.934334	0.569065	1	-3.4851785	-9.60337
941	1.23255	0.72673	0.524556	0.962626	0.396011	1.45162	0.591971	1	-2.480794	-9.60337
942	1.37821	0.76106	0.642469	1.28413	0.380771	1.42291	0.547057	2	-1.4764097	-9.60337
943	1.18297	0.762734	0.636926	0.889173	0.546356	1.20683	0.653403	1	-0.47202519	-9.60337
944	1.46586	0.462782	0.566499	1.04181	0.251646	1.28337	0.327028	2	0.53235924	-9.60337
945	1.28582	0.499268	0.443912	1.074	0.206361	1.85818	0.385831	2	1.5367436	-9.60337
946	1.16214	0.53699	0.609336	0.849722	0.385075	1.19339	0.459568	1	2.5411282	-9.60337
947	1.26074	0.342574	0.678777	1.02371	0.227146	1.2393	0.272777	1	3.5455124	-9.60337
948	1.1516	0.535186	0.75417	1.31361	0.30726	1.47711	0.466356	2	4.5498972	-9.60337
949	1.35101	0.469342	0.479713	0.994112	0.226483	1.56921	0.35244	2	5.5542812	-9.60337
950	1.55686	0.598217	0.651534	0.901393	0.432396	0.910276	0.386073	1	6.5586658	-9.60337
951	1.16436	0.586583	0.54333	0.88273	0.361049	1.38561	0.50243	1	7.5630503	-9.60337
952	1.32865	0.48671	0.612385	1.05742	0.281869	1.27043	0.366224	1	8.5674343	-9.60337
953	1.84075	0.597025	0.576461	1.10985	0.310096	1.03435	0.322347	2	9.5718193	-9.60337
954	1.41411	0.461638	0.560426	1.4896	0.17368	1.97718	0.338992	2	10.576203	-9.60337
955	1.09975	0.480943	0.761294	1.35318	0.270577	1.58642	0.441993	2	11.580588	-9.60337
956	1.43821	0.710947	0.41402	0.870501	0.338135	1.40105	0.487977	2	12.584972	-9.60337
957	1.07165	0.60153	0.614524	1.26936	0.291213	1.91848	0.566456	2	13.589356	-9.60337
958	1.421	0.596306	0.540542	0.981198	0.328505	1.27443	0.427453	1	14.593741	-9.60337
959	1.11615	0.530789	0.822076	0.881082	0.495242	0.957821	0.469733	1	15.598125	-9.60337
960	1.31416	0.464082	0.384936	0.561438	0.318187	1.13007	0.358394	1	16.60251	-9.60337
961	1.26902	0.618543	0.629342	1.48454	0.262219	1.86825	0.487009	2	17.606895	-9.60337
962	1.29903	0.810657	0.764884	1.19004	0.521038	1.21308	0.639979	1	18.611279	-9.60337
963	1.45926	0.511561	0.93373	0.940989	0.507614	0.738204	0.366861	3	-19.55533	-10.6306
964	1.73586	0.508976	0.318025	1.03296	0.156703	1.83435	0.291179	2	-18.550945	-10.6306
965	1.36367	0.602324	0.595929	1.14739	0.312833	1.37543	0.439138	2	-17.54656	-10.6306
966	1.27689	0.564905	0.684631	1.59438	0.242571	1.75211	0.443586	2	-16.542175	-10.6306
967	1.26216	0.740079	0.517357	1.26969	0.301559	1.92128	0.589801	2	-15.537791	-10.6306
968	1.48942	0.713878	0.72889	1.02008	0.510097	0.968932	0.480206	1	-14.533407	-10.6306
969	1.44838	0.678906	0.821648	1.97032	0.283112	1.63536	0.472474	2	-13.529023	-10.6306
970	1.64548	0.546201	0.773235	1.52474	0.276993	1.21178	0.332864	2	-12.524638	-10.6306
971	1.16956	0.562363	0.704957	0.760963	0.520973	0.942467	0.482974	1	-11.520254	-10.6306
972	1.29225	0.659	0.693251	1.26298	0.361725	1.37383	0.507172	2	-10.515869	-10.6306
973	1.28093	0.591471	0.53766	0.927506	0.342866	1.32502	0.457995	1	-9.5114851	-10.6306
974	1.3102	0.534018	0.595794	1.13919	0.279291	1.47148	0.404948	2	-8.5071011	-10.6306
975	1.44238	0.576995	0.598529	1.04357	0.33093	1.19632	0.409282	1	-7.5027161	-10.6306
976	1.35292	0.702478	0.755022	1.02527	0.517312	1.00148	0.52273	1	-6.498332	-10.6306
977	1.47055	0.602154	0.61924	1.19815	0.311212	1.31847	0.409813	2	-5.4939475	-10.6306
978	1.01269	0.578951	0.877459	1.15005	0.441727	1.30124	0.573698	1	-4.489563	-10.6306
979	1.2737	0.536519	0.556949	0.847931	0.352403	1.21298	0.423936	1	-3.4851785	-10.6306
980	1.04538	0.55641	0.645357	0.893984	0.401666	1.33764	0.535125	1	-2.480794	-10.6306
981	1.40773	0.526874	0.720774	1.11448	0.340748	1.10436	0.384272	1	-1.4764097	-10.6306
982	1.28337	0.498274	0.615152	1.44162	0.212619	1.89884	0.397448	2	-0.47202519	-10.6306
983	1.49796	0.49551	0.78678	1.32857	0.293443	1.14811	0.333027	2	0.53235924	-10.6306
984	1.19966	0.652573	0.525429	1.24435	0.27555	1.99157	0.554487	2	1.5367436	-10.6306
985	1.28769	0.606796	0.645789	1.0329	0.37938	1.24771	0.475396	1	2.5411282	-10.6306
986	1.37478	0.599073	0.799545	1.08058	0.443267	0.990403	0.436821	1	3.5455124	-10.6306
987	1.69573	0.560501	0.37644	0.751789	0.280657	1.16161	0.326189	2	4.5498972	-10.6306
988	1.43898	0.49214	0.73675	1.35941	0.266721	1.37151	0.349801	2	5.5542812	-10.6306
989	1.53042	0.546315	0.615016	1.18522	0.283486	1.28958	0.358557	2	6.5586658	-10.6306
990	1.87849	0.492684	0.565124	1.41623	0.196597	1.43897	0.27227	2	7.5630503	-10.6306
991	1.38703	0.490118	0.489502	0.601075	0.399141	0.887551	0.357349	1	8.5674343	-10.6306
992	1.72276	0.486626	0.727995	1.60786	0.220332	1.25834	0.286063	2	9.5718193	-10.6306
993	1.38599	0.571961	0.624238	1.06613	0.334894	1.25409	0.414288	1	10.576203	-10.6306
994	1.22282	0.641284	0.684839	1.06852	0.411015	1.30393	0.528218	1	11.580588	-10.6306
995	1.24285	0.568323	0.616823	1.17151	0.299232	1.4981	0.455616	2	12.584972	-10.6306
996	1.23531	0.515218	0.554103	0.757765	0.376745	1.1281	0.424422	1	13.589356	-10.6306
997	1.14344	0.647977	0.639624	0.782546	0.529632	1.07027	0.571992	1	14.593741	-10.6306
998	1.34372	0.534673	0.895277	1.44825	0.330524	1.2028	0.396295	1	15.598125	-10.6306
999	1.34415	0.571275	0.837773	1.66449	0.287535	1.45759	0.428778	2	16.60251	-10.6306
1000	1.25259	0.779762	0.873905	1.13182	0.602071	1.0461	0.626094	1	17.606895	-10.6306
1001	1.39407	0.665073	0.580175	0.854796	0.451404	1.06533	0.477357	1	18.611279	-10.6306
1002	1.43867	0.699485	0.62101	1.3616	0.319028	1.50263	0.488284	2	-19.55533	-11.6578
1003	1.37537	0.474443	0.495875	1.40974	0.166885	2.14971	0.34841	2	-18.550945	-11.6578
1004	1.13632	0.518686	0.624487	1.30658	0.247908	1.82863	0.457744	2	-17.54656	-11.6578
1005	1.24642	0.479854	0.552755	0.738567	0.35913	1.08218	0.396015	1	-16.542175	-11.6578
1006	1.24738	0.672099	0.68364	0.888584	0.517085	1.06391	0.54358	1	-15.537791	-11.6578
1007	1.24675	0.674385	0.644571	0.943138	0.460896	1.17091	0.538274	1	-14.533407	-11.6578
1008	1.34398	0.744591	0.660024	0.983892	0.499494	1.11173	0.552308	1	-13.529023	-11.6578
1009	1.49924	0.590987	0.479193	0.717181	0.394875	1.00498	0.395038	1	-12.524638	-11.6578
1010	1.38165	0.555739	0.620272	1.23681	0.278707	1.44362	0.407213	2	-11.520254	-11.6578
1011	1.47822	0.476772	0.525592	0.894032	0.280289	1.13018	0.320524	1	-10.515869	-11.6578
1012	1.59478	0.596935	0.686645	1.26055	0.325162	1.20832	0.387149	2	-9.5114851	-11.6578
1013	1.35867	0.587023	0.528466	0.99706	0.311137	1.40618	0.438887	1	-8.5071011	-11.6578
1014	1.08307	0.519048	0.488837	0.945309	0.268409	1.83838	0.481146	2	-7.5027161	-11.6578
1015	1.16082	0.53952	0.504823	1.67778	0.162335	2.81039	0.463272	2	-6.498332	-11.6578
1016	1.22528	0.551132	0.572739	1.07509	0.293607	1.57919	0.448358	2	-5.4939475	-11.6578
1017	1.35033	0.561691	0.436911	0.89364	0.274617	1.55589	0.423233	2	-4.489563	-11.6578
1018	1.29459	0.602458	0.761919	1.68593	0.272267	1.70537	0.462864	2	-3.4851785	-11.6578
1019	1.28184	0.629327	0.731437	1.44732	0.318046	1.53318	0.494772	2	-2.480794	-11.6578
1020	1.08493	0.401619	0.59597	1.43281	0.167051	2.26435	0.375526	2	-1.4764097	-11.6578
1021	1.38537	0.524412	0.72997	1.07039	0.357632	1.05736	0.374733	1	-0.47202519	-11.6578
1022	1.25612	0.53232	0.695384	1.33364	0.27756	1.48997	0.424368	2	0.53235924	-11.6578
1023	1.3005	0.604321	0.914474	0.787142	0.702079	0.676264	0.469454	3	1.5367436	-11.6578
1024	1.29604	0.561628	0.415804	0.653587	0.357301	1.17893	0.437831	1	2.5411282	-11.6578
1025	1.17009	0.468128	0.582925	1.30222	0.209553	1.88657	0.39609	2	3.5455124	-11.6578
1026	1.41863	0.498675	0.640449	1.44405	0.221167	1.56782	0.350101	2	5.5542812	-11.6578
1027	1.49914	0.438468	0.409983	0.845452	0.212625	1.33658	0.296504	2	6.5586658	-11.6578
1028	1.21159	0.460711	0.619294	1.22256	0.233376	1.6754	0.387292	2	7.5630503	-11.6578
1029	1.22508	0.557348	0.94628	1.41969	0.371495	1.25691	0.459673	1	8.5674343	-11.6578
1030	1.18737	0.537205	0.574275	0.904955	0.340904	1.32536	0.455995	1	9.5718193	-11.6578
1031	1.30983	0.532178	0.582174	0.928724	0.333598	1.19749	0.406081	1	10.576203	-11.6578
1032	1.31408	0.555206	0.641832	1.10201	0.323362	1.32599	0.424182	1	11.580588	-11.6578
1033	1.30842	0.438281	0.414137	0.690683	0.262795	1.18378	0.32556	1	12.584972	-11.6578
1034	1.1681	0.558362	0.876373	1.31594	0.37185	1.27943	0.474567	1	13.589356	-11.6578
1035	1.88064	0.375749	0.630735	1.31694	0.179962	1.10735	0.199969	2	14.593741	-11.6578
1036	1.08723	0.685859	0.80095	1.61581	0.339977	1.76977	0.622507	2	15.598125	-11.6578
1037	1.47409	0.678178	0.589399	0.866492	0.461305	0.979969	0.454191	1	16.60251	-11.6578
1038	1.33632	0.746923	0.639453	0.953631	0.500847	1.16568	0.562232	1	17.606895	-11.6578
1039	1.43067	0.682003	0.485047	1.05179	0.314514	1.52423	0.478648	2	18.611279	-11.6578
1040	1.56622	0.449885	0.593143	1.00483	0.265564	1.08161	0.290004	2	-19.55533	-12.6851
1041	1.66735	0.543917	0.70551	1.10885	0.346068	0.965927	0.327067	1	-18.550945	-12.6851
1042	1.24143	0.510953	0.988997	1.49987	0.336916	1.2654	0.414331	1	-16.542175	-12.6851
1043	1.05887	0.623712	0.773986	1.12016	0.430962	1.37363	0.596824	1	-15.537791	-12.6851
1044	1.06944	0.667365	0.583306	0.975206	0.399175	1.55803	0.625279	1	-14.533407	-12.6851
1045	1.16129	0.541632	0.89252	1.08807	0.444287	1.03415	0.465232	1	-13.529023	-12.6851
1046	1.45248	0.580161	0.571312	1.49038	0.222395	1.7724	0.406864	2	-12.524638	-12.6851
1047	1.06787	0.481575	0.653629	1.19662	0.26305	1.73338	0.451465	2	-11.520254	-12.6851
1048	1.31266	0.62119	0.665578	1.06624	0.387763	1.2204	0.481749	1	-10.515869	-12.6851
1049	1.3769	0.5986	0.595505	1.35622	0.262841	1.63043	0.430535	2	-9.5114851	-12.6851
1050	1.29945	0.513529	0.476092	1.00934	0.242225	1.60084	0.390815	2	-8.5071011	-12.6851
1051	1.4367	0.650365	0.496441	0.984926	0.327809	1.45415	0.464088	2	-7.5027161	-12.6851
1052	1.27241	0.643876	0.687226	0.956901	0.462418	1.0919	0.504258	1	-6.498332	-12.6851
1053	1.65062	0.593664	0.425864	0.992781	0.254659	1.43466	0.361475	2	-5.4939475	-12.6851
1054	1.42723	0.548202	0.564466	1.40365	0.220455	1.73013	0.384623	2	-4.489563	-12.6851
1055	1.38435	0.653202	0.367746	0.95808	0.250723	1.81386	0.475267	2	-3.4851785	-12.6851
1056	1.48851	0.572794	0.429936	1.05527	0.233367	1.68265	0.391674	2	-2.480794	-12.6851
1057	1.14196	0.473865	0.586814	1.04926	0.265017	1.55215	0.409827	2	-1.4764097	-12.6851
1058	1.34948	0.770308	0.744762	0.722235	0.794334	0.720894	0.572401	3	-0.47202519	-12.6851
1059	1.19136	0.426003	0.741368	1.11471	0.283325	1.22904	0.364771	1	0.53235924	-12.6851
1060	1.52846	0.559456	0.496434	1.33362	0.208254	1.74147	0.366463	2	1.5367436	-12.6851
1061	1.41647	0.574009	0.558793	1.56135	0.205433	1.88554	0.412889	2	2.5411282	-12.6851
1062	1.58656	0.519478	0.403506	1.04318	0.200937	1.63781	0.326855	2	3.5455124	-12.6851
1063	1.21695	0.626501	0.775784	1.37547	0.353354	1.4686	0.525845	2	4.5498972	-12.6851
1064	1.4021	0.513743	0.57242	1.2062	0.243804	1.51138	0.362043	2	5.5542812	-12.6851
1065	1.46537	0.570124	0.713867	1.15674	0.351845	1.13903	0.39713	1	6.5586658	-12.6851
1066	1.37907	0.589245	0.747384	1.16377	0.37842	1.18173	0.434793	1	7.5630503	-12.6851
1067	1.33225	0.505489	0.701021	1.02745	0.34489	1.08552	0.379581	1	8.5674343	-12.6851
1068	1.15075	0.540924	0.689034	1.01515	0.367154	1.28533	0.470866	1	9.5718193	-12.6851
1069	1.31795	0.677138	0.676806	1.14469	0.400363	1.28623	0.518101	1	10.576203	-12.6851
1070	1.26392	0.510017	0.621888	1.31247	0.241662	1.57555	0.411213	2	11.580588	-12.6851
1071	1.28701	0.450755	0.605238	1.07965	0.252688	1.3865	0.356875	2	12.584972	-12.6851
1072	1.15394	0.555733	0.605828	1.02282	0.329166	1.43626	0.486333	1	13.589356	-12.6851
1073	1.51048	0.574576	0.755389	1.15279	0.376502	1.0338	0.38036	1	14.593741	-12.6851
1074	1.34246	0.644523	0.453893	0.924528	0.316426	1.53368	0.484256	2	15.598125	-12.6851
1075	1.35325	0.641555	0.573221	0.875756	0.419926	1.14249	0.486933	1	16.60251	-12.6851
1076	1.13243	0.507654	0.575892	1.07629	0.271631	1.6246	0.443866	2	17.606895	-12.6851
1077	1.30908	0.715954	0.473054	0.884654	0.382844	1.45578	0.552152	1	18.611279	-12.6851
1061	1.41647	0.574009	0.558793	1.56135	0.205433	1.88554	0.412889	2	2.5411282	-12.6851
1062	1.58656	0.519478	0.403506	1.04318	0.200937	1.63781	0.326855	2	3.5455124	-12.6851
1063	1.21695	0.626501	0.775784	1.37547	0.353354	1.4686	0.525845	2	4.5498972	-12.6851
1064	1.4021	0.513743	0.57242	1.2062	0.243804	1.51138	0.362043	2	5.5542812	-12.6851
1065	1.46537	0.570124	0.713867	1.15674	0.351845	1.13903	0.39713	1	6.5586658	-12.6851
1066	1.37907	0.589245	0.747384	1.16377	0.37842	1.18173	0.434793	1	7.5630503	-12.6851
1067	1.33225	0.505489	0.701021	1.02745	0.34489	1.08552	0.379581	1	8.5674343	-12.6851
1068	1.15075	0.540924	0.689034	1.01515	0.367154	1.28533	0.470866	1	9.5718193	-12.6851
1069	1.31795	0.677138	0.676806	1.14469	0.400363	1.28623	0.518101	1	10.576203	-12.6851
1070	1.26392	0.510017	0.621888	1.31247	0.241662	1.57555	0.411213	2	11.580588	-12.6851
1071	1.28701	0.450755	0.605238	1.07965	0.252688	1.3865	0.356875	2	12.584972	-12.6851
1072	1.15394	0.555733	0.605828	1.02282	0.329166	1.43626	0.486333	1	13.589356	-12.6851
1073	1.51048	0.574576	0.755389	1.15279	0.376502	1.0338	0.38036	1	14.593741	-12.6851
1074	1.34246	0.644523	0.453893	0.924528	0.316426	1.53368	0.484256	2	15.598125	-12.6851
1075	1.35325	0.641555	0.573221	0.875756	0.419926	1.14249	0.486933	1	16.60251	-12.6851
