1000	0.46490803
1001.0724	0.3737486
1002.1448	0.39198688
1003.2172	0.40784824
1004.2896	0.48445484
1005.3619	0.23831654
1006.4343	0.35979804
1007.5067	0.527677
1008.5791	0.57472467
1009.6515	0.49637988
1010.7239	0.39444593
1011.7963	0.42677769
1012.8687	0.30526924
1013.941	0.44927862
1015.0134	0.22611761
1016.0858	0.4335072
1017.1582	-0.052443605
1018.2306	-0.0035038744
1019.303	0.47302514
1020.3753	0.3331922
1021.4477	0.19914293
1022.5201	0.4984692
1023.5925	0.44931254
1024.6649	0.58166957
1025.7373	0.51687843
1026.8097	0.36980614
1027.8821	0.3871128
1028.9545	0.17713203
1030.0269	0.12229785
1031.0992	0.24409644
1032.1716	0.21601847
1033.244	0.66189057
1034.3164	0.29566649
1035.3888	0.20037833
1036.4612	0.64070392
1037.5336	0.19967264
1038.606	0.13195959
1039.6783	0.44367602
1040.7506	0.059229568
1041.823	0.34782192
1042.8954	0.51953483
1043.9678	0.24326372
1045.0402	0.56662601
1046.1125	0.32944095
1047.1849	0.50866318
1048.2573	0.7914483
1049.3297	0.9527024
1050.4021	0.84601605
1051.4745	0.60495114
1052.5469	0.85368574
1053.6193	1.0394213
1054.6917	0.46061668
1055.764	0.2900351
1056.8364	0.56057429
1057.9088	0.81523263
1058.9812	0.40387946
1060.0536	0.68606973
1061.126	0.66058612
1062.1984	0.48954466
1063.2708	0.60590291
1064.3431	0.66921002
1065.4155	0.65967661
1066.4879	0.76690602
1067.5603	0.77528435
1068.6327	0.79477262
1069.7051	1.0523896
1070.7775	1.1164476
1071.8499	0.90824741
1072.9222	0.68092501
1073.9946	0.62177867
1075.067	0.71087098
1076.1394	0.7795136
1077.2118	0.94852078
1078.2842	1.3113713
1079.3566	1.4952594
1080.429	1.8359727
1081.5013	2.3293338
1082.5737	3.6235566
1083.6461	5.556757
1084.7185	8.0896158
1085.7909	12.572521
1086.8633	20.685471
1087.9357	19.708574
1089.0081	11.84259
1090.0804	5.9573188
1091.1528	3.2143242
1092.2252	2.0996671
1093.2976	1.6300544
1094.37	1.379457
1095.4424	1.1915456
1096.5148	0.95901084
1097.5872	0.98048151
1098.6595	0.97785068
1099.7319	0.54459733
1100.8043	0.48674294
1101.8767	1.0346292
1102.9491	1.2728394
1104.0215	1.3355045
1105.0939	1.0163829
1106.1663	1.0216886
1107.2386	1.0221161
1108.311	1.1711136
1109.3834	0.78492206
1110.4558	0.94979125
1111.5282	0.9895249
1112.6006	1.1380155
1113.673	1.2804538
1114.7454	1.2947782
1115.8177	1.4118217
1116.8901	1.1513213
1117.9625	1.2989379
1119.0349	1.3043354
1120.1072	1.3831129
1121.1796	1.3723255
1122.252	1.0615491
1123.3243	1.234457
1124.3967	1.5928173
1125.4691	1.4652827
1126.5415	1.2999004
1127.6139	1.5496007
1128.6863	1.9471558
1129.7587	1.7666893
1130.8311	1.6931993
1131.9034	2.0069401
1132.9758	2.3533137
1134.0482	2.4295716
1135.1206	2.0908546
1136.193	1.9298894
1137.2654	1.9465264
1138.3378	1.9941926
1139.4102	2.3764985
1140.4825	2.1919713
1141.5549	2.6917214
1142.6273	2.3662241
1143.6997	3.0896723
1144.7721	2.5376253
1145.8445	2.9133782
1146.9169	3.3872383
1147.9893	3.3799429
1149.0616	3.0251329
1150.134	3.1823838
1151.2064	3.4947634
1152.2788	3.5996184
1153.3512	3.6872945
1154.4236	3.7746704
1155.496	3.7151258
1156.5684	3.6411207
1157.6407	3.6157784
1158.7131	3.5693197
1159.7855	4.0426974
1160.8579	4.2028708
1161.9303	3.8371747
1163.0027	3.8608887
1164.0751	4.1507549
1165.1475	4.3581324
1166.2198	4.3230977
1167.2922	3.7776086
1168.3646	3.8103783
1169.437	4.4354486
1170.5094	4.6121593
1171.5818	5.0556974
1172.6542	4.70398
1173.7266	4.7579861
1174.799	4.3738923
1175.8713	4.5281353
1176.9437	4.6271768
1178.0161	4.519568
1179.0885	5.169311
1180.1609	4.9810185
1181.2333	5.1771994
1182.3057	4.9296446
1183.3781	4.940299
1184.4504	5.0999126
1185.5228	4.9281454
1186.5952	4.9789824
1187.6676	5.0061269
1188.74	5.0872107
1189.8124	5.4200816
1190.8848	5.4114103
1191.9572	5.3763003
1193.0295	5.4874539
1194.1019	5.5739007
1195.1743	5.5599084
1196.2467	5.6396337
1197.3191	5.757555
1198.3915	5.6193128
1199.4639	5.8875823
1200.5361	5.811605
1201.6085	6.0803981
1202.6809	5.9716096
1203.7533	6.3251314
1204.8257	5.2352767
1205.8981	6.0057001
1206.9705	5.6955872
1208.0428	5.8379073
1209.1152	6.1367345
1210.1876	5.6934352
1211.26	6.2029381
1212.3324	6.1235747
1213.4048	6.610321
1214.4772	6.3239388
1215.5496	5.8525844
1216.6219	5.8982921
1217.6943	6.4856887
1218.7667	6.8318267
1219.8391	6.5709019
1220.9115	6.0466428
1221.9839	6.3492255
1223.0563	6.3222914
1224.1287	6.4478402
1225.201	7.0758901
1226.2734	6.8425508
1227.3458	6.7947307
1228.4182	6.9806399
1229.4906	6.7230043
1230.563	6.8973298
1231.6354	6.9781361
1232.7078	7.1547508
1233.7802	7.3399153
1234.8525	7.1951227
1235.9249	6.8331776
1236.9973	7.2135043
1238.0697	7.3661757
1239.1421	6.9456296
1240.2145	7.5532165
1241.2869	7.7312021
1242.3593	7.0178852
1243.4316	8.3019896
1244.504	7.3939452
1245.5764	8.2801371
1246.6488	8.979454
1247.7212	8.2646894
1248.7936	8.6535225
1249.866	8.1189699
1250.9384	9.2287827
1252.0107	8.9195127
1253.0831	9.0070143
1254.1555	9.2218218
1255.2279	9.5392532
1256.3003	10.012429
1257.3727	9.8636799
1258.4451	9.9529581
1259.5175	9.8471813
1260.5898	9.993989
1261.6622	10.381328
1262.7346	10.818549
1263.807	10.383978
1264.8794	10.808039
1265.9518	11.093838
1267.0242	11.253751
1268.0966	10.927197
1269.1689	10.78891
1270.2413	11.67579
1271.3137	12.109859
1272.3861	12.321412
1273.4585	12.49469
1274.5309	12.779509
1275.6033	13.050134
1276.6757	13.433148
1277.748	13.883026
1278.8204	13.962419
1279.8928	13.826122
1280.9651	14.252051
1282.0375	15.048573
1283.1099	15.332615
1284.1823	15.353113
1285.2546	15.756835
1286.327	16.334536
1287.3994	16.363682
1288.4718	16.578917
1289.5442	17.259411
1290.6166	17.842525
1291.689	18.540995
1292.7614	18.490948
1293.8337	18.849516
1294.9061	19.14665
1295.9785	19.881403
1297.0509	19.939318
1298.1233	20.536886
1299.1957	21.249241
1300.2681	21.748268
1301.3405	21.952076
1302.4128	22.424366
1303.4852	22.743095
1304.5576	23.425362
1305.63	24.376768
1306.7024	24.960827
1307.7748	25.677826
1308.8472	25.842232
1309.9196	26.259663
1310.9919	26.465067
1312.0643	27.053543
1313.1367	27.377054
1314.2091	27.549698
1315.2815	28.433468
1316.3539	28.966888
1317.4263	28.849926
1318.4987	29.453449
1319.571	30.291626
1320.6434	30.379963
1321.7158	30.442335
1322.7882	29.559824
1323.8606	31.013859
1324.933	29.55619
1326.0054	29.759995
1327.0778	29.489597
1328.1501	29.425488
1329.2225	30.08408
1330.2949	29.504971
1331.3673	29.14473
1332.4397	29.554352
1333.5121	29.695023
1334.5845	28.759129
1335.6569	28.515583
1336.7292	27.504423
1337.8016	27.082403
1338.874	26.642603
1339.9464	26.577883
1341.0188	26.11167
1342.0912	25.468966
1343.1636	25.120165
1344.236	25.084146
1345.3083	24.001776
1346.3807	23.806549
1347.4531	23.111246
1348.5255	22.282938
1349.5979	22.005629
1350.6703	21.564108
1351.7427	21.239599
1352.8151	20.881413
1353.8875	20.860069
1354.9598	19.93601
1356.0322	19.066977
1357.1046	18.52673
1358.177	18.286461
1359.2494	17.997139
1360.3217	17.58692
1361.394	17.050491
1362.4664	16.266644
1363.5388	15.70794
1364.6112	15.627981
1365.6836	15.841693
1366.756	15.150631
1367.8284	14.941615
1368.9008	14.661752
1369.9731	14.515409
1371.0455	13.926116
1372.1179	13.447521
1373.1903	12.920703
1374.2627	12.759982
1375.3351	12.415355
1376.4075	12.40097
1377.4799	12.384264
1378.5522	11.83503
1379.6246	11.367572
1380.697	10.707145
1381.7694	10.813887
1382.8418	10.717932
1383.9142	10.881789
1384.9866	10.658411
1386.059	10.566968
1387.1313	9.983058
1388.2037	8.9599543
1389.2761	8.6361942
1390.3485	8.5841322
1391.4209	8.7604523
1392.4933	8.9025917
1393.5657	8.56534
1394.6381	8.0202618
1395.7104	7.743609
1396.7828	7.9917397
1397.8552	7.8408308
1398.9276	7.2949834
1400	7.1183267
1401.0724	6.9105101
1402.1448	6.793406
1403.2172	6.8235426
1404.2896	6.7211347
1405.3619	6.420248
1406.4343	6.6848302
1407.5067	6.5447578
1408.5791	6.3560629
1409.6515	6.1312666
1410.7239	5.8856039
1411.7963	5.7363305
1412.8687	5.6494727
1413.941	5.2646375
1415.0134	5.4761214
1416.0858	5.4940071
1417.1582	5.0840259
1418.2306	5.1352191
1419.303	5.3268843
1420.3754	5.2504263
1421.4478	5.2689986
1422.5201	4.9325352
1423.5925	4.6539946
1424.6649	4.6893544
1425.7373	4.8763704
1426.8097	5.0692248
1427.8821	4.6874738
1428.9545	5.0032902
1430.0269	5.0242906
1431.0992	4.8214116
1432.1716	4.9872789
1433.244	4.4831963
1434.3164	4.3776278
1435.3888	4.9657636
1436.4612	4.545156
1437.5336	4.4783444
1438.606	5.0502315
1439.6783	5.0467224
1440.7506	4.3120518
1441.823	4.2685924
1442.8954	4.3352394
1443.9678	4.0484543
1445.0402	3.5310407
1446.1125	4.6038685
1447.1849	4.2221608
1448.2573	4.1850038
1449.3297	3.9792738
1450.4021	3.843749
1451.4745	4.0175858
1452.5469	3.8433931
1453.6193	3.7973864
1454.6917	4.1568694
1455.764	3.804857
1456.8364	3.977402
1457.9088	3.9358449
1458.9812	3.3844526
1460.0536	3.8380961
1461.126	4.1528907
1462.1984	3.4792664
1463.2708	3.6846237
1464.3431	3.9561548
1465.4155	3.6257293
1466.4879	3.596396
1467.5603	4.6259408
1468.6327	3.822603
1469.7051	4.2158813
1470.7775	3.9804401
1471.8499	3.4998708
1472.9222	4.0930934
1473.9946	3.8864119
1475.067	4.0428243
1476.1394	4.1778636
1477.2118	4.3909593
1478.2842	3.6896932
1479.3566	4.1062908
1480.429	4.1109886
1481.5013	4.2363577
1482.5737	4.4773483
1483.6461	4.4205632
1484.7185	4.2101278
1485.7909	4.2250299
1486.8633	4.0756187
1487.9357	3.8571396
1489.0081	4.199779
1490.0804	4.2928319
1491.1528	4.2286358
1492.2252	4.3164639
1493.2976	4.2667112
1494.37	4.368082
1495.4424	4.4431348
1496.5148	4.4292421
1497.5872	4.7779965
1498.6595	4.7420106
1499.7319	4.4735427
1500.8043	4.3089819
1501.8767	4.6477871
1502.9491	4.4646454
1504.0215	4.0536432
1505.0939	4.0635843
1506.1663	4.2410064
1507.2386	4.4215951
1508.311	4.4684086
1509.3834	4.2315812
1510.4558	4.2970109
1511.5282	4.4082589
1512.6006	4.642652
1513.673	4.4880614
1514.7454	4.3779383
1515.8177	4.5216203
1516.8901	4.7277427
1517.9625	4.887558
1519.0349	4.3502502
1520.1072	4.592411
1521.1796	4.9926195
1522.252	4.2676883
1523.3243	4.3904681
1524.3967	4.5048509
1525.4691	4.7490764
1526.5415	4.6953988
1527.6139	4.8041024
1528.6863	4.7853146
1529.7587	5.3329754
1530.8311	4.7319169
1531.9034	5.0246458
1532.9758	5.3336797
1534.0482	4.8878293
1535.1206	5.1162634
1536.193	4.9617281
1537.2654	4.4570937
1538.3378	4.5730391
1539.4102	5.3267345
1540.4825	5.1249089
1541.5549	5.0166645
1542.6273	5.5318422
1543.6997	5.5637717
1544.7721	5.8005729
1545.8445	5.6988611
1546.9169	5.4374619
1547.9893	5.5885482
1549.0616	5.8872085
1550.134	5.8614159
1551.2064	5.8381438
1552.2788	6.0452762
1553.3512	6.5816731
1554.4236	6.6915474
1555.496	6.6114511
1556.5684	6.5330091
1557.6407	6.7939496
1558.7131	7.0454917
1559.7855	7.4392033
1560.8579	7.5802875
1561.9303	7.790575
1563.0027	8.2063618
1564.0751	8.1052332
1565.1475	8.4146996
1566.2198	8.1011477
1567.2922	8.4817019
1568.3646	8.7918234
1569.437	9.2022963
1570.5094	9.2532148
1571.5818	9.3375559
1572.6542	10.445068
1573.7266	10.614395
1574.799	10.356259
1575.8713	11.289658
1576.9437	11.627287
1578.0161	12.176124
1579.0885	12.350792
1580.1609	13.213581
1581.2333	13.633801
1582.3057	14.572033
1583.3781	14.853206
1584.4504	15.818686
1585.5228	16.226694
1586.5952	16.79402
1587.6676	18.085443
1588.74	18.676647
1589.8124	18.909208
1590.8848	20.234676
1591.9572	21.328987
1593.0295	22.316866
1594.1019	23.349178
1595.1743	24.044754
1596.2467	25.114754
1597.3191	25.803289
1598.3915	26.393742
1599.4639	26.649645
1600.5361	27.36334
1601.6085	27.853996
1602.6809	27.461956
1603.7533	27.600574
1604.8257	27.315617
1605.8981	27.322937
1606.9705	27.077078
1608.0428	26.943981
1609.1152	26.560925
1610.1876	25.803709
1611.26	24.896135
1612.3324	24.228498
1613.4048	23.476072
1614.4772	24.121489
1615.5496	22.852852
1616.6219	21.990129
1617.6943	21.43795
1618.7667	20.835794
1619.8391	19.871145
1620.9115	18.821251
1621.9839	17.936041
1623.0563	17.08721
1624.1287	16.043064
1625.201	14.985418
1626.2734	14.175975
1627.3458	13.498757
1628.4182	12.383598
1629.4906	11.020957
1630.563	9.9385395
1631.6354	9.1834917
1632.7078	8.8173771
1633.7802	8.4323845
1634.8525	7.6846962
1635.9249	6.732234
1636.9973	6.716846
1638.0697	6.4275799
1639.1421	6.1576438
1640.2145	5.2314382
1641.2869	5.031239
1642.3593	4.3981552
1643.4316	3.9277697
1644.504	4.195375
1645.5764	4.1500716
1646.6488	3.3982427
1647.7212	3.5838921
1648.7936	3.3512642
1649.866	2.7535114
1650.9384	2.8252883
1652.0107	2.7093394
1653.0831	2.6559622
1654.1555	2.6612141
1655.2279	2.4812455
1656.3003	2.4659901
1657.3727	2.1639612
1658.4451	1.9514869
1659.5175	1.6380862
1660.5898	1.7333028
1661.6622	1.6246208
1662.7346	1.9941945
1663.807	1.2680199
1664.8794	1.5741518
1665.9518	1.3918064
1667.0242	1.1802729
1668.0966	1.4549947
1669.1689	1.1785295
1670.2413	1.4517469
1671.3137	1.4278934
1672.3861	1.2436153
1673.4585	1.5660957
1674.5309	1.4909507
1675.6033	1.2352813
1676.6757	1.2698812
1677.748	1.170843
1678.8204	1.2097695
1679.8928	1.4529852
1680.9651	1.1949662
1682.0375	1.3738791
1683.1099	1.2865484
1684.1823	0.92587864
1685.2546	1.298301
1686.327	1.286147
1687.3994	1.2988715
1688.4718	1.3095272
1689.5442	1.5324056
1690.6166	0.68501312
1691.689	0.83930302
1692.7614	0.84113377
1693.8337	0.83758575
1694.9061	1.0208765
1695.9785	0.85146368
1697.0509	1.2332847
1698.1233	0.88111746
1699.1957	0.8322202
1700.2681	1.2279475
1701.3405	1.0452194
1702.4128	0.84758037
1703.4852	0.66707855
1704.5576	0.71442896
1705.63	1.1018567
1706.7024	1.0134882
1707.7748	0.77762914
1708.8472	0.54479426
1709.9196	0.53709394
1710.9919	0.51695758
1712.0643	0.45673418
1713.1367	0.69850975
1714.2091	0.87111109
1715.2815	0.91088134
1716.3539	0.99526709
1717.4263	1.0199835
1718.4987	0.73341739
1719.571	0.68370384
1720.6434	0.85103774
1721.7158	0.97337753
1722.7882	0.77776408
1723.8606	0.63172436
1724.933	0.70569724
1726.0054	0.63757145
1727.0778	0.57084113
1728.1501	0.49841231
1729.2225	0.69747102
1730.2949	0.37354717
1731.3673	0.34223929
1732.4397	0.53898668
1733.5121	0.87621313
1734.5845	0.63458753
1735.6569	0.16186285
1736.7292	1.0328399
1737.8016	0.38191402
1738.874	0.20206086
1739.9464	0.10674649
1741.0188	0.50211203
1742.0912	0.76509863
1743.1636	0.88195735
1744.236	0.58397478
1745.3083	0.71514845
1746.3807	0.82934868
1747.4531	0.88382441
1748.5255	0.87211722
1749.5979	1.1018066
1750.6703	0.78626347
1751.7427	0.86136055
1752.8151	0.82606018
1753.8875	0.69495386
1754.9598	0.35089344
1756.0322	0.75609404
1757.1046	0.40929767
1758.177	0.46847999
1759.2494	0.81137222
1760.3217	0.55222911
1761.394	0.81779438
1762.4664	0.47966695
1763.5388	0.58239555
1764.6112	0.63106275
1765.6836	0.52835304
1766.756	0.40931189
1767.8284	0.4565168
1768.9008	0.36403003
1769.9731	0.41230673
1771.0455	0.57840109
1772.1179	0.14736734
1773.1903	0.32695115
1774.2627	0.31247795
1775.3351	0.35520166
1776.4075	0.4101111
1777.4799	0.56845897
1778.5522	0.30354026
1779.6246	0.12392031
1780.697	0.13432956
1781.7694	0.19180715
1782.8418	0.11087324
1783.9142	0.059030466
1784.9866	-0.17061387
1786.059	0.36291686
1787.1313	0.67601699
1788.2037	0.74746752
1789.2761	0.63381821
1790.3485	0.24282698
1791.4209	0.174485
1792.4933	0.16182916
1793.5657	0.03597315
1794.6381	0.028693443
1795.7104	0.246509
1796.7828	0.0980701
1797.8552	0.003815752
1798.9276	0.039818961
1800	0.30033699
