1000.4628	0.13232601
1001.4238	0.14842206
1002.3849	0.16333602
1003.346	0.17723425
1004.3071	0.19048065
1005.2681	0.20345294
1006.2292	0.21648964
1007.1903	0.22987401
1008.1514	0.2438309
1009.1125	0.25853416
1010.0735	0.27411374
1011.0347	0.29066154
1011.9957	0.30823702
1012.9568	0.32687086
1013.9179	0.34657004
1014.879	0.3673231
1015.84	0.38910529
1016.8011	0.41188246
1017.7622	0.43561289
1018.7233	0.46024966
1019.6844	0.48574314
1020.6454	0.51218337
1021.6066	0.53937405
1022.5676	0.56726426
1023.5287	0.59581053
1024.4897	0.62497658
1025.4509	0.65473163
1026.412	0.6850481
1027.373	0.71590108
1028.3341	0.7472679
1029.2952	0.77912706
1030.2563	0.81145775
1031.2174	0.84423846
1032.1785	0.87744635
1033.1395	0.91105616
1034.1006	0.94504082
1035.0616	0.97937149
1036.0228	1.0140177
1036.9839	1.0489475
1037.9449	1.0841273
1038.906	1.1195225
1039.8671	1.1547246
1040.8282	1.1898113
1041.7893	1.2247671
1042.7504	1.2595794
1043.7114	1.2942367
1044.6725	1.3287262
1045.6335	1.3630334
1046.5947	1.3971429
1047.5558	1.4310377
1048.5168	1.4646988
1049.4779	1.4981054
1050.439	1.5312345
1051.4001	1.5640627
1052.3612	1.5965695
1053.3223	1.6287398
1054.2833	1.6605667
1055.2444	1.6920525
1056.2056	1.7232096
1057.1666	1.7540627
1058.1277	1.78465
1059.0887	1.8150225
1060.0498	1.8452448
1061.0109	1.8753936
1061.972	1.9055542
1062.9331	1.9358159
1063.8942	1.9662706
1064.8552	1.9970083
1065.8163	2.0281174
1066.7775	2.0596817
1067.7385	2.0917785
1068.6996	2.1244764
1069.6606	2.1578329
1070.6217	2.1918929
1071.5828	2.2266877
1072.5439	2.2622354
1073.505	2.2985396
1074.4661	2.3355894
1075.4271	2.3733616
1076.3882	2.4118204
1077.3494	2.4509211
1078.3104	2.4906111
1079.2715	2.530834
1080.2325	2.5715301
1081.1936	2.6126385
1082.1547	2.6540971
1083.1158	2.6958451
1084.0769	2.7378259
1085.038	2.7799871
1085.999	2.8222818
1086.9601	2.8646691
1087.9213	2.9071143
1088.8823	2.9495914
1089.8434	2.9920855
1090.8044	3.0345924
1091.7655	3.0771201
1092.7267	3.1196866
1093.6877	3.1623194
1094.6488	3.2050517
1095.6099	3.2479222
1096.5709	3.2909725
1097.532	3.3342431
1098.4932	3.3777747
1099.4542	3.4216056
1100.4153	3.4657733
1101.3763	3.5103147
1102.3374	3.5552688
1103.2986	3.6006794
1104.2596	3.6465952
1105.2207	3.6930709
1106.1818	3.740165
1107.1428	3.787941
1108.1039	3.8364666
1109.0651	3.885813
1110.0261	3.9360511
1110.9872	3.9872508
1111.9482	4.0394826
1112.9093	4.0928226
1113.8705	4.1473513
1114.8315	4.2031565
1115.7926	4.2603307
1116.7537	4.3189702
1117.7147	4.3791757
1118.6759	4.4410496
1119.637	4.5046973
1120.598	4.5702267
1121.5591	4.6377482
1122.5201	4.7073722
1123.4812	4.7792072
1124.4424	4.8533578
1125.4034	4.9299202
1126.3645	5.0089855
1127.3256	5.0906339
1128.2866	5.1749349
1129.2478	5.2619429
1130.2089	5.3516936
1131.1699	5.4442019
1132.131	5.5394616
1133.092	5.637444
1134.0531	5.7381005
1135.0143	5.8413653
1135.9753	5.9471564
1136.9364	6.0553808
1137.8975	6.1659379
1138.8585	6.2787199
1139.8197	6.3936176
1140.7808	6.51052
1141.7418	6.6293087
1142.7029	6.7498455
1143.6639	6.8719668
1144.625	6.9954863
1145.5862	7.1201949
1146.5472	7.2458615
1147.5083	7.3722329
1148.4694	7.4990454
1149.4304	7.6260371
1150.3916	7.7529588
1151.3527	7.8795729
1152.3137	8.0056486
1153.2748	8.1309662
1154.2358	8.255311
1155.197	8.3784857
1156.1581	8.5003119
1157.1191	8.6206379
1158.0802	8.7393456
1159.0413	8.8563461
1160.0023	8.9715862
1160.9635	9.0850391
1161.9246	9.1967106
1162.8856	9.3066311
1163.8467	9.4148598
1164.8077	9.5214806
1165.7689	9.626605
1166.73	9.7303724
1167.691	9.8329439
1168.6521	9.9345007
1169.6132	10.035242
1170.5742	10.135384
1171.5354	10.235155
1172.4965	10.334799
1173.4575	10.434566
1174.4186	10.534717
1175.3796	10.635511
1176.3408	10.737204
1177.3019	10.840036
1178.2629	10.944218
1179.224	11.049926
1180.1851	11.157283
1181.1462	11.266365
1182.1073	11.377226
1183.0684	11.489926
1184.0294	11.60451
1184.9905	11.721018
1185.9515	11.839461
1186.9127	11.959844
1187.8738	12.082143
1188.8348	12.206318
1189.7959	12.332286
1190.757	12.459927
1191.7181	12.589129
1192.6792	12.719757
1193.6403	12.8517
1194.6013	12.984834
1195.5624	13.119064
1196.5234	13.254283
1197.4846	13.390405
1198.4457	13.527327
1199.4067	13.664968
1200.3678	13.803237
1201.3289	13.942062
1202.29	14.081375
1203.2511	14.221121
1204.2122	14.361257
1205.1732	14.501684
1206.1343	14.642406
1207.0953	14.783444
1208.0565	14.924799
1209.0176	15.066489
1209.9786	15.208518
1210.9397	15.350904
1211.9008	15.493736
1212.8619	15.636983
1213.823	15.780738
1214.7841	15.924877
1215.7451	16.069271
1216.7062	16.213758
1217.6674	16.358088
1218.6284	16.502134
1219.5895	16.645863
1220.5505	16.789204
1221.5116	16.932175
1222.4727	17.074722
1223.4338	17.216856
1224.3949	17.358509
1225.356	17.499647
1226.317	17.640247
1227.2781	17.780231
1228.2393	17.919392
1229.2003	18.057562
1230.1614	18.194696
1231.1224	18.330643
1232.0835	18.465397
1233.0446	18.598846
1234.0057	18.731039
1234.9668	18.861931
1235.9279	18.991629
1236.8889	19.120131
1237.85	19.247629
1238.8112	19.374273
1239.7722	19.500332
1240.7333	19.626049
1241.6943	19.751757
1242.6554	19.877792
1243.6166	20.004492
1244.5776	20.132641
1245.5387	20.262487
1246.4998	20.394104
1247.4608	20.527597
1248.4219	20.66288
1249.3831	20.79986
1250.3441	20.938231
1251.3052	21.077026
1252.2662	21.215763
1253.2273	21.352928
1254.1885	21.487947
1255.1495	21.620483
1256.1106	21.750227
1257.0717	21.878065
1258.0327	22.004107
1258.9938	22.128559
1259.955	22.251568
1260.916	22.373268
1261.8771	22.493774
1262.8381	22.613129
1263.7992	22.731386
1264.7604	22.848518
1265.7214	22.964146
1266.6825	23.078024
1267.6436	23.189941
1268.6046	23.299784
1269.5657	23.407377
1270.5269	23.512655
1271.4879	23.61552
1272.449	23.715986
1273.41	23.814075
1274.3711	23.909901
1275.3323	24.003649
1276.2933	24.095884
1277.2544	24.186947
1278.2155	24.277224
1279.1765	24.367119
1280.1377	24.457062
1281.0988	24.547472
1282.0598	24.638767
1283.0209	24.73135
1283.9819	24.825508
1284.943	24.921574
1285.9042	25.019892
1286.8652	25.12076
1287.8263	25.224445
1288.7874	25.331169
1289.7484	25.441156
1290.7096	25.554705
1291.6707	25.672028
1292.6317	25.793531
1293.5928	25.919508
1294.5538	26.0502
1295.5149	26.185844
1296.4761	26.326416
1297.4371	26.47191
1298.3982	26.6222
1299.3593	26.777082
1300.3203	26.936275
1301.2815	27.099432
1302.2426	27.266174
1303.2036	27.436079
1304.1647	27.608717
1305.1257	27.78371
1306.0869	27.960672
1307.048	28.139219
1308.009	28.318968
1308.9701	28.499556
1309.9312	28.680618
1310.8922	28.861811
1311.8534	29.042789
1312.8145	29.223219
1313.7755	29.402765
1314.7366	29.581087
1315.6976	29.757776
1316.6588	29.932446
1317.6199	30.104687
1318.5809	30.274078
1319.542	30.440176
1320.5031	30.602514
1321.4641	30.760607
1322.4253	30.913946
1323.3864	31.062
1324.3474	31.204226
1325.3085	31.340069
1326.2695	31.468985
1327.2307	31.590435
1328.1918	31.703894
1329.1528	31.808853
1330.1139	31.904818
1331.075	31.991327
1332.036	32.06794
1332.9972	32.134254
1333.9583	32.189884
1334.9193	32.234497
1335.8804	32.267792
1336.8414	32.289536
1337.8026	32.29958
1338.7637	32.297867
1339.7247	32.284412
1340.6858	32.259331
1341.6469	32.222805
1342.608	32.175095
1343.5691	32.116524
1344.5302	32.047462
1345.4912	31.968328
1346.4523	31.879572
1347.4133	31.781679
1348.3745	31.675144
1349.3356	31.560463
1350.2966	31.438129
1351.2577	31.308628
1352.2188	31.17243
1353.1799	31.029991
1354.141	30.881733
1355.1021	30.728048
1356.0631	30.569292
1357.0242	30.405769
1357.9852	30.237745
1358.9464	30.065439
1359.9075	29.889038
1360.8685	29.708698
1361.8296	29.524572
1362.7906	29.336815
1363.7518	29.145584
1364.7129	28.951027
1365.674	28.753263
1366.635	28.552393
1367.5961	28.348501
1368.5573	28.141663
1369.5183	27.931946
1370.4794	27.719435
1371.4404	27.504213
1372.4015	27.286386
1373.3625	27.066072
1374.3237	26.843414
1375.2848	26.618582
1376.2458	26.391756
1377.2069	26.163147
1378.168	25.932978
1379.1292	25.701487
1380.0902	25.46892
1381.0513	25.235529
1382.0123	25.001583
1382.9734	24.767385
1383.9344	24.533224
1384.8956	24.299427
1385.8567	24.06632
1386.8177	23.834227
1387.7788	23.603455
1388.7399	23.37435
1389.701	23.147264
1390.6621	22.922518
1391.6232	22.700424
1392.5842	22.481249
1393.5453	22.265244
1394.5063	22.052601
1395.4675	21.843491
1396.4286	21.638041
1397.3896	21.43634
1398.3507	21.238449
1399.3118	21.044401
1400.2729	20.854212
1401.234	20.668959
1402.1951	20.486427
1403.1561	20.308598
1404.1172	20.133408
1405.0784	19.962788
1406.0394	19.794498
1407.0005	19.630846
1407.9615	19.469072
1408.9226	19.31222
1409.8837	19.156816
1410.8448	19.006689
1411.8059	18.857721
1412.767	18.714281
1413.728	18.571945
1414.6891	18.435072
1415.6503	18.299366
1416.6113	18.168823
1417.5724	18.039665
1418.5334	17.915087
1419.4945	17.792238
1420.4556	17.672701
1421.4167	17.580261
1422.3778	17.465546
1423.3389	17.351469
1424.2999	17.237854
1425.261	17.124584
1426.2222	17.011604
1427.1832	16.898998
1428.1443	16.786776
1429.1053	16.675016
1430.0664	16.563917
1431.0276	16.453587
1431.9886	16.344273
1432.9497	16.236166
1433.9108	16.129574
1434.8718	16.024765
1435.8329	15.922091
1436.7941	15.821887
1437.7551	15.724526
1438.7162	15.63038
1439.6772	15.526291
1440.6383	15.446024
1441.5995	15.371999
1442.5605	15.301471
1443.5216	15.239492
1444.4827	15.179347
1445.4437	15.131026
1446.4048	15.081313
1447.366	15.044704
1448.327	15.003983
1449.2881	14.976122
1450.2491	14.94235
1451.2102	14.918087
1452.1714	14.887453
1453.1324	14.861529
1454.0935	14.831
1455.0546	14.800637
1456.0156	14.76859
1456.9767	14.73301
1457.9379	14.698488
1458.8989	14.658786
1459.86	14.622639
1460.821	14.580738
1461.7821	14.537125
1462.7433	14.491996
1463.7043	14.445633
1464.6654	14.39833
1465.6265	14.350393
1466.5875	14.302199
1467.5487	14.254123
1468.5098	14.20636
1469.4708	14.159257
1470.4319	14.113231
1471.3929	14.068665
1472.354	14.02598
1473.3152	13.985561
1474.2762	13.947798
1475.2373	13.913039
1476.1984	13.881615
1477.1594	13.853808
1478.1206	13.829858
1479.0817	13.809955
1480.0427	13.79422
1481.0038	13.78272
1481.9648	13.775434
1482.9259	13.772277
1483.8871	13.772992
1484.8481	13.777281
1485.8092	13.78483
1486.7703	13.795262
1487.7313	13.808172
1488.6925	13.823093
1489.6536	13.839581
1490.6146	13.857377
1491.5757	13.876065
1492.5367	13.895392
1493.4979	13.915048
1494.459	13.934735
1495.42	13.954189
1496.3811	13.973197
1497.3422	13.991592
1498.3032	14.009057
1499.2644	14.025438
1500.2255	14.040632
1501.1865	14.054599
1502.1476	14.067359
1503.1086	14.078986
1504.0698	14.089616
1505.0309	14.099442
1505.9919	14.108689
1506.953	14.117632
1507.9141	14.126612
1508.8751	14.135973
1509.8363	14.146068
1510.7974	14.157259
1511.7584	14.169906
1512.7195	14.184367
1513.6805	14.20099
1514.6417	14.220109
1515.6028	14.242039
1516.5638	14.267077
1517.5249	14.295503
1518.486	14.327569
1519.447	14.363511
1520.4082	14.403558
1521.3693	14.447888
1522.3303	14.496673
1523.2914	14.550039
1524.2524	14.608121
1525.2136	14.671021
1526.1747	14.738859
1527.1357	14.81174
1528.0968	14.88979
1529.0579	14.973157
1530.019	15.062024
1530.9801	15.15661
1531.9412	15.257171
1532.9022	15.364004
1533.8633	15.477444
1534.8243	15.597865
1535.7855	15.725698
1536.7466	15.86139
1537.7076	16.005428
1538.6687	16.158348
1539.6298	16.320658
1540.5909	16.492886
1541.552	16.675493
1542.5131	16.869207
1543.4741	17.074673
1544.4352	17.292465
1545.3962	17.523087
1546.3574	17.76696
1547.3185	18.024435
1548.2795	18.295763
1549.2406	18.581131
1550.2017	18.88064
1551.1628	19.194262
1552.1239	19.521925
1553.085	19.863422
1554.046	20.218508
1555.0071	20.586836
1555.9683	20.968006
1556.9293	21.374842
1557.8904	21.778803
1558.8514	22.193872
1559.8125	22.6311
1560.7736	23.064957
1561.7347	23.507296
1562.6958	23.968088
1563.6569	24.424049
1564.6179	24.895121
1565.579	25.360859
1566.5402	25.829796
1567.5012	26.310846
1568.4623	26.783445
1569.4233	27.265312
1570.3844	27.737286
1571.3455	28.206902
1572.3066	28.684505
1573.2677	29.147316
1574.2288	29.573069
1575.1898	30.049286
1576.1509	30.498688
1577.1121	30.943174
1578.0731	31.2864
1579.0342	31.759914
1579.9952	32.229889
1580.9563	32.676228
1581.9174	33.111706
1582.8785	33.525101
1583.8396	33.918648
1584.8007	34.291313
1585.7617	34.635117
1586.7228	34.958752
1587.684	35.255745
1588.645	35.508686
1589.6061	35.742043
1590.5671	35.940136
1591.5282	36.080891
1592.4894	36.200012
1593.4504	36.274654
1594.4115	36.301426
1595.3726	36.229084
1596.3336	36.114662
1597.2947	35.897228
1598.2559	35.602211
1599.2169	35.273113
1600.178	34.918324
1601.139	34.541348
1602.1001	34.088509
1603.0613	33.611408
1604.0223	33.046227
1604.9834	32.456635
1605.9445	31.848436
1606.9055	31.270479
1607.8666	30.506304
1608.8278	29.718071
1609.7888	28.904076
1610.7499	28.073141
1611.7109	27.224165
1612.672	26.36421
1613.6332	25.496277
1614.5942	24.620804
1615.5553	23.748728
1616.5164	22.870573
1617.4774	22.00828
1618.4386	21.26067
1619.3997	20.499083
1620.3607	19.769213
1621.3218	19.043774
1622.2828	18.373816
1623.2439	17.711464
1624.2051	17.079216
1625.1661	16.476505
1626.1272	15.902306
1627.0883	15.354959
1628.0493	14.833049
1629.0105	14.334892
1629.9716	13.859092
1630.9326	13.403605
1631.8937	12.966632
1632.8547	12.539316
1633.8158	12.139152
1634.777	11.754296
1635.738	11.382707
1636.6991	11.030178
1637.6602	10.69181
1638.6212	10.369235
1639.5824	10.061528
1640.5435	9.766613
1641.5045	9.4871206
1642.4656	9.2176418
1643.4266	8.9640331
1644.3877	8.7178726
1645.3489	8.4879494
1646.3099	8.2631168
1647.271	8.045907
1648.2321	7.8358955
1649.1931	7.6329865
1650.1543	7.4369588
1651.1154	7.2476358
1652.0764	7.0649033
1653.0375	6.8886595
1653.9985	6.7189431
1654.9597	6.5556831
1655.9208	6.3986864
1656.8818	6.2477574
1657.8429	6.1026998
1658.804	5.9632225
1659.765	5.8292437
1660.7262	5.7006512
1661.6873	5.5772638
1662.6483	5.4588847
1663.6094	5.3452406
1664.5704	5.2361445
1665.5316	5.1314421
1666.4927	5.0310297
1667.4537	4.9347887
1668.4148	4.8426218
1669.3759	4.7543902
1670.3369	4.6700392
1671.2981	4.5894856
1672.2592	4.5126362
1673.2202	4.4393773
1674.1813	4.3695884
1675.1423	4.3031273
1676.1035	4.2398376
1677.0646	4.1795459
1678.0256	4.1220727
1678.9867	4.0672197
1679.9478	4.0147963
1680.9089	3.9645975
1681.87	3.9164348
1682.8311	3.8701108
1683.7921	3.8254538
1684.7532	3.7822857
1685.7142	3.7404613
1686.6754	3.6998231
1687.6365	3.6602387
1688.5975	3.6215577
1689.5586	3.5836203
1690.5197	3.5462558
1691.4808	3.509279
1692.4419	3.472492
1693.403	3.4356644
1694.364	3.3985772
1695.3251	3.3610315
1696.2861	3.322824
1697.2473	3.2837651
1698.2084	3.2436826
1699.1694	3.2024255
1700.1305	3.1598668
1701.0916	3.1159067
1702.0527	3.0704746
1703.0138	3.0235293
1703.9749	2.9750578
1704.9359	2.9250736
1705.897	2.8736157
1706.858	2.820744
1707.8192	2.7665367
1708.7803	2.7110877
1709.7413	2.6545055
1710.7024	2.5969112
1711.6635	2.5384386
1712.6246	2.4792311
1713.5857	2.4194419
1714.5468	2.3592334
1715.5078	2.2987757
1716.4689	2.2382491
1717.4301	2.1778443
1718.3911	2.1177621
1719.3522	2.0582128
1720.3132	1.9994131
1721.2743	1.9415818
1722.2354	1.8849339
1723.1965	1.8296741
1724.1576	1.7759891
1725.1187	1.7240351
1726.0797	1.6739359
1727.0408	1.62578
1728.002	1.5796207
1728.963	1.535477
1729.9241	1.4933327
1730.8851	1.4531424
1731.8462	1.4148376
1732.8073	1.3783307
1733.7684	1.3435191
1734.7295	1.3102894
1735.6906	1.2785223
1736.6516	1.2480966
1737.6127	1.2188952
1738.5739	1.1908103
1739.5349	1.1637483
1740.496	1.1376331
1741.457	1.1124097
1742.4181	1.088043
1743.3793	1.0645139
1744.3403	1.0418173
1745.3014	1.0199564
1746.2625	0.99894118
1747.2235	0.97878498
1748.1846	0.95950258
1749.1458	0.94110608
1750.1068	0.9236021
1751.0679	0.90698963
1752.0289	0.89126027
1752.99	0.87639868
1753.9512	0.86238402
1754.9122	0.84918964
1755.8733	0.83678246
1756.8344	0.82512558
1757.7954	0.81417656
1758.7565	0.8038848
1759.7177	0.79419124
1760.6787	0.78502804
1761.6398	0.77632475
1762.6008	0.76749247
1763.5619	0.75868422
1764.5231	0.74984646
1765.4841	0.74092084
1766.4452	0.7318449
1767.4063	0.7225523
1768.3673	0.71297342
1769.3284	0.70303684
1770.2896	0.69266897
1771.2506	0.68179357
1772.2117	0.67033285
1773.1727	0.65820891
1774.1338	0.64534575
1775.095	0.63167161
1776.056	0.61712188
1777.0171	0.60164165
1777.9781	0.58518696
1778.9392	0.5677259
1779.9004	0.54923815
1780.8615	0.52971298
1781.8225	0.50874424
1782.7836	0.48679206
1783.7446	0.46388569
1784.7057	0.44006532
1785.6669	0.41538179
1786.6279	0.38989756
1787.589	0.36368731
1788.55	0.33684039
1789.5111	0.30946472
1790.4723	0.28169119
1791.4333	0.25367695
1792.3944	0.22560655
1793.3555	0.19769523
1794.3165	0.17019206
1795.2776	0.14339927
1796.2388	0.11767777
1797.1998	0.09349414
1798.1609	0.071533866
1799.1219	0.053011868
1800.083	0.040860578
