1000.2485	5.9020252
1001.3975	5.0195832
1002.5466	4.6913986
1003.6957	5.3282495
1004.8447	5.5046105
1005.9938	3.9278817
1007.1429	2.8335645
1008.2919	6.1896501
1009.441	6.7096672
1010.5901	4.1748266
1011.7391	3.8347967
1012.8882	3.5853851
1014.0373	1.6753916
1015.1863	2.4936035
1016.3354	4.614943
1017.4845	2.0852613
1018.6335	-0.0060283556
1019.7826	2.8933926
1020.9317	0.0060463245
1022.0807	0.042606283
1023.2298	0.87933558
1024.3789	1.5224044
1025.528	2.1372309
1026.677	0.55516195
1027.826	4.7162275
1028.9751	0.99745929
1030.1243	1.1498828
1031.2733	4.400599
1032.4224	3.0364695
1033.5714	2.3220124
1034.7205	3.873466
1035.8695	4.4258881
1037.0187	3.9860811
1038.1677	0.99305081
1039.3168	5.2093196
1040.4658	5.2149124
1041.6149	7.37082
1042.7639	0.98384672
1043.9131	3.7926288
1045.0621	6.9314103
1046.2112	7.501018
1047.3602	8.6528864
1048.5093	5.9955845
1049.6583	6.1740336
1050.8075	4.5073628
1051.9565	5.8141751
1053.1056	6.6759424
1054.2546	9.5900831
1055.4037	8.7972603
1056.5527	8.5705709
1057.7019	10.729984
1058.851	8.8446522
1060	7.6793699
1061.149	10.732661
1062.2981	10.375263
1063.4473	10.151112
1064.5963	13.878038
1065.7454	12.640352
1066.8944	10.475387
1068.0435	12.333176
1069.1925	12.760486
1070.3417	9.0683088
1071.4907	5.9886527
1072.6398	9.1560421
1073.7888	9.6691303
1074.9379	9.135397
1076.0869	9.5936604
1077.2361	8.6618338
1078.3851	10.316811
1079.5342	7.6015067
1080.6832	9.9834909
1081.8323	16.418697
1082.9813	32.781075
1084.1305	58.999607
1085.2795	102.13894
1086.4286	117.56034
1087.5776	66.836807
1088.7267	31.150963
1089.8757	19.484901
1091.0249	12.920939
1092.174	8.796216
1093.323	10.392979
1094.472	14.474637
1095.6211	15.256617
1096.7701	18.715347
1097.9193	16.446779
1099.0684	9.8257551
1100.2174	6.7320004
1101.3665	8.1025028
1102.5155	8.4981346
1103.6646	6.1483927
1104.8137	8.5637159
1105.9628	8.8844633
1107.1118	8.1375399
1108.2609	7.2180333
1109.4099	9.3272543
1110.559	9.3469458
1111.7081	10.506102
1112.8572	10.853504
1114.0062	9.73633
1115.1553	9.6706371
1116.3043	9.7358656
1117.4534	11.341705
1118.6025	13.55924
1119.7516	12.238228
1120.9006	12.05057
1122.0497	11.625245
1123.1987	14.272522
1124.3478	16.345646
1125.4969	14.265759
1126.646	13.454542
1127.795	15.08855
1128.9441	13.614377
1130.0931	15.447536
1131.2422	11.075888
1132.3914	15.639561
1133.5404	11.024466
1134.6895	11.884053
1135.8385	15.595854
1136.9875	13.610703
1138.1366	16.089935
1139.2858	15.826692
1140.4348	13.04437
1141.5839	12.240261
1142.7329	7.8129106
1143.882	13.514301
1145.031	16.239489
1146.1802	12.76516
1147.3292	11.461421
1148.4783	14.032361
1149.6273	14.671287
1150.7764	17.305309
1151.9254	16.725342
1153.0746	17.357912
1154.2236	16.44137
1155.3727	19.928846
1156.5217	18.627346
1157.6708	18.472185
1158.8198	19.335102
1159.969	20.482729
1161.118	20.847832
1162.2671	20.527376
1163.4161	20.051405
1164.5652	23.24542
1165.7142	18.281858
1166.8634	25.825668
1168.0125	19.362703
1169.1615	24.61799
1170.3105	26.77199
1171.4596	20.239227
1172.6086	22.025307
1173.7578	26.928429
1174.9069	25.935669
1176.0559	28.551174
1177.205	28.778187
1178.354	31.170671
1179.5031	31.450693
1180.6522	32.481319
1181.8013	33.515667
1182.9503	34.771439
1184.0994	35.769905
1185.2484	34.069775
1186.3975	34.834507
1187.5466	35.455395
1188.6957	31.409945
1189.8447	28.113924
1190.9938	32.386864
1192.1428	34.651058
1193.2919	31.878571
1194.441	32.544056
1195.5901	36.40971
1196.7391	27.085705
1197.8882	31.789772
1199.0372	35.72765
1200.1863	35.868973
1201.3354	35.619801
1202.4845	34.257393
1203.6335	32.377445
1204.7826	33.576973
1205.9316	37.533272
1207.0807	37.412937
1208.2299	39.365726
1209.3789	37.185452
1210.528	34.310059
1211.677	33.253731
1212.826	36.162365
1213.9751	34.45797
1215.1243	33.722813
1216.2733	39.843678
1217.4224	39.310947
1218.5714	38.964592
1219.7205	39.445244
1220.8695	37.579006
1222.0187	40.168938
1223.1677	43.814476
1224.3168	39.551388
1225.4658	41.422218
1226.6149	46.111061
1227.7639	47.553188
1228.9131	39.165257
1230.0621	42.272949
1231.2112	44.097363
1232.3602	43.614277
1233.5093	48.179619
1234.6583	48.496468
1235.8075	50.947796
1236.9565	49.744778
1238.1056	46.993233
1239.2546	51.220242
1240.4037	52.44733
1241.5527	49.775349
1242.7019	51.362545
1243.851	57.773792
1245	55.346981
1246.149	51.353394
1247.2981	51.744122
1248.4473	57.069386
1249.5963	59.173191
1250.7454	55.809155
1251.8944	58.977818
1253.0435	56.814362
1254.1925	61.782665
1255.3417	57.57143
1256.4907	56.951435
1257.6398	54.418915
1258.7888	53.503487
1259.9379	57.064854
1261.0869	56.245377
1262.2361	59.850544
1263.3851	59.219349
1264.5342	60.791912
1265.6832	65.354042
1266.8323	60.776558
1267.9813	58.31039
1269.1305	64.584076
1270.2795	62.389038
1271.4286	59.877033
1272.5776	54.901947
1273.7267	59.748253
1274.8757	59.462437
1276.0249	62.213943
1277.174	61.276588
1278.323	60.770718
1279.472	62.267086
1280.6211	62.48315
1281.7701	60.895573
1282.9193	62.748421
1284.0684	61.06636
1285.2174	58.447449
1286.3665	58.423603
1287.5155	62.751972
1288.6646	61.429539
1289.8137	62.426147
1290.9628	65.16832
1292.1118	65.334389
1293.2609	62.767159
1294.4099	62.053913
1295.559	58.387032
1296.7081	64.955124
1297.8572	68.046112
1299.0062	69.384453
1300.1553	66.600563
1301.3043	67.076912
1302.4534	70.814674
1303.6025	72.417213
1304.7516	72.698044
1305.9006	73.905411
1307.0497	72.287064
1308.1987	81.434998
1309.3478	73.391457
1310.4969	73.718208
1311.646	81.860481
1312.795	80.72847
1313.9441	83.402046
1315.0931	75.965416
1316.2422	74.819809
1317.3914	84.055351
1318.5404	77.625198
1319.6895	81.83287
1320.8385	83.24794
1321.9875	80.625656
1323.1366	83.397369
1324.2858	85.718056
1325.4348	81.676353
1326.5839	80.270889
1327.7329	82.828674
1328.882	80.623642
1330.031	81.617149
1331.1802	83.600319
1332.3292	88.468079
1333.4783	86.540924
1334.6273	84.547241
1335.7764	84.710983
1336.9254	84.738243
1338.0746	84.712479
1339.2236	86.199112
1340.3727	85.646141
1341.5217	85.266624
1342.6708	86.004539
1343.8198	84.529442
1344.969	82.938828
1346.118	85.381485
1347.2671	89.815598
1348.4161	87.008919
1349.5652	90.352005
1350.7142	86.690613
1351.8634	81.869492
1353.0125	88.137772
1354.1615	86.615852
1355.3105	81.634346
1356.4596	82.456993
1357.6086	89.822632
1358.7578	87.348312
1359.9069	83.197693
1361.0559	83.5905
1362.205	91.825928
1363.354	89.528358
1364.5031	84.397346
1365.6522	78.548653
1366.8013	82.823799
1367.9503	84.103867
1369.0994	85.088692
1370.2484	87.102386
1371.3975	84.610954
1372.5466	79.06691
1373.6957	80.643494
1374.8447	81.951401
1375.9938	79.069595
1377.1428	79.347366
1378.2919	77.545647
1379.441	75.70079
1380.5901	75.230042
1381.7391	73.77182
1382.8882	71.67157
1384.0372	76.956474
1385.1863	73.042648
1386.3354	71.821075
1387.4845	64.913589
1388.6335	67.427071
1389.7826	66.786224
1390.9316	63.210907
1392.0807	60.421535
1393.2299	59.708317
1394.3789	60.698097
1395.528	61.255535
1396.677	64.97937
1397.826	65.687355
1398.9751	56.306644
1400.1243	55.459988
1401.2733	59.426907
1402.4224	51.647877
1403.5714	51.579456
1404.7205	52.928051
1405.8695	51.659962
1407.0187	54.575188
1408.1677	51.454021
1409.3168	48.272213
1410.4658	52.771446
1411.6149	53.133671
1412.7639	52.620308
1413.9131	52.281387
1415.0621	51.833824
1416.2112	50.226368
1417.3602	48.906929
1418.5093	45.12027
1419.6583	48.689831
1420.8075	49.585869
1421.9565	49.579754
1423.1056	48.062828
1424.2546	47.678501
1425.4037	52.305141
1426.5527	49.353745
1427.7019	53.074947
1428.851	49.759441
1430	48.069901
1431.149	55.898766
1432.2981	50.075974
1433.4473	52.289997
1434.5963	49.792065
1435.7454	52.24345
1436.8944	52.799389
1438.0435	50.749546
1439.1925	49.875271
1440.3417	49.132126
1441.4907	54.868946
1442.6398	55.057114
1443.7888	51.411106
1444.9379	58.337929
1446.0869	46.647236
1447.2361	49.747906
1448.3851	50.388161
1449.5342	48.127708
1450.6832	45.028721
1451.8323	46.578766
1452.9813	50.919029
1454.1305	47.747875
1455.2795	45.504425
1456.4286	43.996906
1457.5776	44.964207
1458.7267	42.915035
1459.8757	42.505291
1461.0249	45.237309
1462.174	45.675545
1463.323	44.49102
1464.472	41.766453
1465.6211	43.691444
1466.7701	44.417995
1467.9193	42.282284
1469.0684	46.252384
1470.2174	47.522949
1471.3665	43.655952
1472.5155	36.870907
1473.6646	40.261051
1474.8137	39.308495
1475.9628	41.498775
1477.1118	42.081059
1478.2609	39.657581
1479.4099	39.112865
1480.559	43.669491
1481.7081	46.917057
1482.8572	47.645123
1484.0062	44.58643
1485.1553	41.944378
1486.3043	44.247787
1487.4534	45.976048
1488.6025	44.223206
1489.7516	42.834442
1490.9006	44.735741
1492.0497	44.676559
1493.1987	42.439243
1494.3478	46.742443
1495.4969	47.914425
1496.646	48.867661
1497.795	42.188484
1498.9441	44.131321
1500.0931	51.080956
1501.2422	50.79121
1502.3914	46.789566
1503.5404	45.034004
1504.6895	45.590546
1505.8385	47.582676
1506.9875	48.716354
1508.1366	48.082897
1509.2858	46.857002
1510.4348	43.331696
1511.5839	45.080376
1512.7329	41.897518
1513.882	47.986404
1515.031	45.000484
1516.1802	42.049599
1517.3292	41.211784
1518.4783	46.849392
1519.6273	45.04763
1520.7764	42.906597
1521.9254	44.57513
1523.0746	39.459705
1524.2236	48.993782
1525.3727	39.617001
1526.5217	43.573154
1527.6708	38.712948
1528.8198	39.459225
1529.969	44.071644
1531.118	41.699417
1532.2671	40.438862
1533.4161	35.986057
1534.5652	39.718403
1535.7142	38.269794
1536.8634	41.412708
1538.0125	38.933098
1539.1615	39.966301
1540.3105	41.624428
1541.4596	43.682667
1542.6086	45.02972
1543.7578	42.443935
1544.9069	45.300472
1546.0559	41.194897
1547.205	43.814674
1548.354	39.776398
1549.5031	43.438267
1550.6522	48.096977
1551.8013	47.746387
1552.9503	48.108768
1554.0994	47.549709
1555.2484	46.051331
1556.3975	50.545654
1557.5466	55.955582
1558.6957	51.94408
1559.8447	52.592384
1560.9938	51.513912
1562.1428	58.176914
1563.2919	61.663483
1564.441	56.719917
1565.5901	62.170876
1566.7391	65.648308
1567.8882	65.469666
1569.0372	68.986458
1570.1863	68.0858
1571.3354	69.507523
1572.4845	73.726761
1573.6335	72.646614
1574.7826	76.317505
1575.9316	80.403954
1577.0807	81.093163
1578.2299	86.363907
1579.3789	84.962402
1580.528	86.685913
1581.677	87.277031
1582.826	87.198578
1583.9751	90.717728
1585.1243	93.067398
1586.2733	92.970299
1587.4224	92.211411
1588.5714	98.105576
1589.7205	97.670364
1590.8695	93.041534
1592.0187	98.483284
1593.1677	100.24323
1594.3168	103.94052
1595.4658	103.17599
1596.6149	103.80203
1597.7639	106.03421
1598.9131	103.62389
1600.0621	103.67184
1601.2112	99.540314
1602.3602	98.042397
1603.5093	101.9389
1604.6583	107.5292
1605.8075	96.299126
1606.9565	99.986275
1608.1056	104.19258
1609.2546	95.965401
1610.4037	89.420692
1611.5527	93.296028
1612.7019	90.594582
1613.851	89.84687
1615	94.196693
1616.149	87.241722
1617.2981	82.04068
1618.4473	77.382523
1619.5963	72.785622
1620.7454	76.47908
1621.8944	69.518486
1623.0435	65.221786
1624.1925	63.439991
1625.3417	59.258133
1626.4907	65.078651
1627.6398	55.096493
1628.7888	50.378315
1629.9379	52.105312
1631.0869	52.738876
1632.2361	46.304108
1633.3851	41.408871
1634.5342	42.034481
1635.6832	42.082943
1636.8323	37.311092
1637.9813	40.234039
1639.1305	35.974308
1640.2795	35.776905
1641.4286	36.160099
1642.5776	33.521408
1643.7267	32.862923
1644.8757	31.437164
1646.0249	27.823322
1647.174	24.631956
1648.323	29.687031
1649.472	29.024315
1650.6211	29.896822
1651.7701	22.296814
1652.9193	23.410704
1654.0684	27.551361
1655.2174	27.36915
1656.3665	21.106457
1657.5155	26.294149
1658.6646	21.363327
1659.8137	19.558229
1660.9628	20.597513
1662.1118	24.47031
1663.2609	18.141293
1664.4099	13.817238
1665.559	22.613586
1666.7081	21.508541
1667.8572	21.337132
1669.0062	19.040491
1670.1553	16.825058
1671.3043	16.733707
1672.4534	17.718103
1673.6025	20.975685
1674.7516	17.293587
1675.9006	19.025658
1677.0497	24.004187
1678.1987	18.667561
1679.3478	16.318907
1680.4969	18.621828
1681.646	18.080681
1682.795	19.587187
1683.9441	23.130878
1685.0931	23.029575
1686.2422	25.382454
1687.3914	19.963404
1688.5404	17.919498
1689.6895	21.241982
1690.8385	19.555738
1691.9875	23.129507
1693.1366	21.287443
1694.2858	16.726198
1695.4348	14.423991
1696.5839	20.572577
1697.7329	21.793732
1698.882	21.403868
1700.031	16.661514
1701.1802	18.119394
1702.3292	19.237709
1703.4783	21.107328
1704.6273	14.768721
1705.7764	20.146938
1706.9254	15.699013
1708.0746	14.027319
1709.2236	16.825121
1710.3727	12.788054
1711.5217	12.088997
1712.6708	13.271576
1713.8198	15.425093
1714.969	13.81848
1716.118	13.204386
1717.2671	16.274529
1718.4161	11.431633
1719.5652	14.239029
1720.7142	12.407008
1721.8634	10.374928
1723.0125	13.402985
1724.1615	11.523826
1725.3105	12.031345
1726.4596	13.28984
1727.6086	10.340772
1728.7578	10.751921
1729.9069	10.593914
1731.0559	11.188333
1732.205	15.021732
1733.354	10.714773
1734.5031	11.883465
1735.6522	10.402872
1736.8013	14.067137
1737.9503	13.80756
1739.0994	11.609676
1740.2484	12.964809
1741.3975	11.620678
1742.5466	11.359099
1743.6957	13.770827
1744.8447	12.259498
1745.9938	14.596735
1747.1428	14.54269
1748.2919	11.51311
1749.441	10.527729
1750.5901	9.0163107
1751.7391	12.363637
1752.8882	10.293677
1754.0372	13.031815
1755.1863	13.436795
1756.3354	11.826039
1757.4845	9.8051577
1758.6335	9.4953241
1759.7826	8.9644642
1760.9316	11.013806
1762.0807	7.9081616
1763.2299	11.753901
1764.3789	7.954802
1765.528	6.0509524
1766.677	10.765671
1767.826	12.027128
1768.9751	4.5426998
1770.1243	14.921472
1771.2733	8.4445305
1772.4224	10.104803
1773.5714	10.610085
1774.7205	9.3143959
1775.8695	2.4878988
1777.0187	9.3161955
1778.1677	5.0712633
1779.3168	7.0838442
1780.4658	7.4232888
1781.6149	3.5171106
1782.7639	4.9396858
1783.9131	1.3694731
1785.0621	8.6853619
1786.2112	3.6277032
1787.3602	7.1529083
1788.5093	8.0652351
1789.6583	8.9204664
1790.8075	4.4190426
1791.9565	-1.7968434e-005
1793.1056	4.1281133
1794.2546	4.7796564
1795.4037	2.2552116
1796.5527	1.0291131
1797.7019	2.4944668
1798.851	4.8406882
1800	4.8205929
